# galaxy   distance [Mpc]   log_r_e [log(kpc)]   perr_log_r_e   merr_log_r_e   mu_e [mag/arcsec^2]   perr_mu_e   merr_mu_e   log_n   perr_log_n   merr_log_n 
ic1459     28.4     0.896788539037     0.0661586628819     0.113928049325     -13.6783917002     0.565617107022     0.338344889058     0.846330925555     0.0560640025682     0.078207140205
ic2560     40.7     -0.0552816920801     0.324813281979     0.298095403867     -16.5717720461     1.58716133752     0.835875363549     -0.234405944681     0.16658159909     0.206353027617
ic4296     40.7     1.12812949271     0.0661586628819     0.113928049325     -13.5680720461     0.565617107022     0.338344889058     0.791416936213     0.0560640025682     0.078207140205
m104     9.5     -0.044660441186     0.324813281979     0.298095403867     -14.1100180264     1.58716133752     0.835875363549     0.562602114778     0.16658159909     0.206353027617
m105     10.3     0.405255280686     0.324813281979     0.298095403867     -12.2268861235     1.58716133752     0.835875363549     0.72069666875     0.16658159909     0.206353027617
m106     7.2     -0.536088044521     0.0661586628819     0.113928049325     -13.7200624822     0.565617107022     0.338344889058     0.0836817472743     0.0560640025682     0.078207140205
m31     0.74     -0.205711994285     0.0661586628819     0.113928049325     -8.71115859865     0.565617107022     0.338344889058     0.126845440649     0.0560640025682     0.078207140205
m49     17.14     1.05079134816     0.0661586628819     0.113928049325     -12.3377540879     0.565617107022     0.338344889058     0.734847815278     0.0560640025682     0.078207140205
m59     17.8     0.894714000408     0.0661586628819     0.113928049325     -11.5806000115     0.565617107022     0.338344889058     0.943880164329     0.0560640025682     0.078207140205
m64     7.3     -0.821356378889     0.0661586628819     0.113928049325     -15.5410143006     0.565617107022     0.338344889058     0.140790776625     0.0560640025682     0.078207140205
m81     3.8     -0.21306284138     0.415780714824     0.38899756588     -12.3500179831     1.73878794265     1.0617725411     0.316871567348     0.246991455494     0.245264323949
m84     17.9     1.05174541535     0.324813281979     0.298095403867     -11.6969651549     1.58716133752     0.835875363549     0.895886429714     0.16658159909     0.206353027617
m87     15.6     0.818812845389     0.324813281979     0.298095403867     -12.7079229918     1.58716133752     0.835875363549     0.767304317453     0.16658159909     0.206353027617
m89     14.9     0.308913209481     0.324813281979     0.298095403867     -13.7156313421     1.58716133752     0.835875363549     0.707919174534     0.16658159909     0.206353027617
m94     4.4     -0.74711733183     0.0661586628819     0.113928049325     -14.7153633824     0.565617107022     0.338344889058     0.0483641052799     0.0560640025682     0.078207140205
m96     10.1     -0.589754235308     0.0661586628819     0.113928049325     -15.7422068689     0.565617107022     0.338344889058     0.102982230518     0.0560640025682     0.078207140205
n0524     23.3     -0.1807456128     0.0661586628819     0.113928049325     -16.6311796051     0.565617107022     0.338344889058     0.0314892557097     0.0560640025682     0.078207140205
n0821     23.4     0.330415302929     0.415780714824     0.38899756588     -14.0121792871     1.73878794265     1.0617725411     0.782479790683     0.246991455494     0.245264323949
n1023     11.1     -0.398049048762     0.0661586628819     0.113928049325     -15.4355148939     0.565617107022     0.338344889058     0.299877587671     0.0560640025682     0.078207140205
n1300     20.7     -0.0877823676673     0.324813281979     0.298095403867     -14.1723517273     1.58716133752     0.835875363549     0.555698894719     0.16658159909     0.206353027617
n1316     18.6     0.155588106931     0.324813281979     0.298095403867     -15.9189647211     1.58716133752     0.835875363549     0.248095931094     0.16658159909     0.206353027617
n1332     22.3     0.288758779019     0.415780714824     0.38899756588     -15.2723243152     1.73878794265     1.0617725411     0.565056398812     0.246991455494     0.245264323949
n1374     19.23     0.364072371913     0.0661586628819     0.113928049325     -13.3126964212     0.565617107022     0.338344889058     0.610053003935     0.0560640025682     0.078207140205
n1399     19.4     1.50240416931     0.0661586628819     0.113928049325     -9.90820864965     0.565617107022     0.338344889058     1.00021275218     0.0560640025682     0.078207140205
n2273     28.5     -0.586555839349     0.324813281979     0.298095403867     -18.4427243     1.58716133752     0.835875363549     0.438304964532     0.16658159909     0.206353027617
n2549     12.3     -0.73310229352     0.0661586628819     0.113928049325     -15.9071255572     0.565617107022     0.338344889058     0.170965406311     0.0560640025682     0.078207140205
n2778     22.3     -0.620432941229     0.324813281979     0.298095403867     -16.2776243152     1.58716133752     0.835875363549     0.0923696996291     0.16658159909     0.206353027617
n2787     7.3     -0.929794167569     0.324813281979     0.298095403867     -14.6962143006     1.58716133752     0.835875363549     0.103872108403     0.16658159909     0.206353027617
n2974     20.9     -0.154455261407     0.324813281979     0.298095403867     -15.9733314306     1.58716133752     0.835875363549     0.078420564914     0.16658159909     0.206353027617
n3079     20.7     -0.361736265012     0.324813281979     0.298095403867     -17.1015517273     1.58716133752     0.835875363549     0.0323366598457     0.16658159909     0.206353027617
n3091     51.25     1.10465658569     0.0661586628819     0.113928049325     -14.0822693486     0.565617107022     0.338344889058     0.818997433624     0.0560640025682     0.078207140205
n3115     9.4     0.195837735264     0.0661586628819     0.113928049325     -13.016539268     0.565617107022     0.338344889058     0.70703336305     0.0560640025682     0.078207140205
n3227     20.3     -0.343510883011     0.324813281979     0.298095403867     -15.7108801896     1.58716133752     0.835875363549     0.0402462150577     0.16658159909     0.206353027617
n3245     20.3     -0.617851651471     0.0661586628819     0.113928049325     -17.5381801896     0.565617107022     0.338344889058     0.228579994205     0.0560640025682     0.078207140205
n3377     10.9     0.685489085192     0.324813281979     0.298095403867     -9.8538324897     1.58716133752     0.835875363549     0.962497189815     0.16658159909     0.206353027617
n3384     11.3     -0.509613508024     0.0661586628819     0.113928049325     -15.7009922174     0.565617107022     0.338344889058     0.25054197801     0.0560640025682     0.078207140205
n3393     55.2     -0.422835942349     0.324813281979     0.298095403867     -19.5608953886     1.58716133752     0.835875363549     0.421291253919     0.16658159909     0.206353027617
n3414     24.5     0.480936965933     0.0661586628819     0.113928049325     -13.8641304218     0.565617107022     0.338344889058     0.65729493598     0.0560640025682     0.078207140205
n3489     11.7     -1.00349912682     0.324813281979     0.298095403867     -17.0926293087     1.58716133752     0.835875363549     0.115776876159     0.16658159909     0.206353027617
n3585     19.5     0.911597124332     0.324813281979     0.298095403867     -12.2055730568     1.58716133752     0.835875363549     0.802185148285     0.16658159909     0.206353027617
n3607     22.2     0.848448193545     0.324813281979     0.298095403867     -12.7202648723     1.58716133752     0.835875363549     0.744895100221     0.16658159909     0.206353027617
n3608     22.3     0.671095186879     0.324813281979     0.298095403867     -12.7373243152     1.58716133752     0.835875363549     0.75394290696     0.16658159909     0.206353027617
n3842     98.4     1.54568256558     0.0661586628819     0.113928049325     -13.8953754922     0.565617107022     0.338344889058     0.914295546101     0.0560640025682     0.078207140205
n3998     13.7     -0.492321156219     0.415780714824     0.38899756588     -16.0565028358     1.73878794265     1.0617725411     0.127266818319     0.246991455494     0.245264323949
n4026     13.2     -0.391412730921     0.415780714824     0.38899756588     -14.510569656     1.73878794265     1.0617725411     0.326929537044     0.246991455494     0.245264323949
n4151     20.0     -0.182242316729     0.324813281979     0.298095403867     -16.2472499783     1.58716133752     0.835875363549     0.272282644291     0.16658159909     0.206353027617
n4261     30.8     0.848929793781     0.324813281979     0.298095403867     -13.9139535825     1.58716133752     0.835875363549     0.638209621074     0.16658159909     0.206353027617
n4291     25.5     0.278390322519     0.324813281979     0.298095403867     -14.5250009022     1.58716133752     0.835875363549     0.768053222679     0.16658159909     0.206353027617
n4388     17.0     -0.457687182503     0.415780714824     0.38899756588     -15.2963446069     1.73878794265     1.0617725411     0.126456113432     0.246991455494     0.245264323949
n4459     15.7     -0.00520060308834     0.324813281979     0.298095403867     -14.749198262     1.58716133752     0.835875363549     0.415824398889     0.16658159909     0.206353027617
n4473     15.3     0.437389162963     0.324813281979     0.298095403867     -12.8233571541     1.58716133752     0.835875363549     0.462068408087     0.16658159909     0.206353027617
n4564     14.6     -0.370728356355     0.0661586628819     0.113928049325     -15.1725642789     0.565617107022     0.338344889058     0.474274554726     0.0560640025682     0.078207140205
n4596     17.0     -0.129212861423     0.0661586628819     0.113928049325     -14.7135446069     0.565617107022     0.338344889058     0.478234515815     0.0560640025682     0.078207140205
n4697     11.4     1.0973264066     0.415780714824     0.38899756588     -9.38592425668     1.73878794265     1.0617725411     0.823813185647     0.246991455494     0.245264323949
n4889     103.2     1.4834830284     0.0661586628819     0.113928049325     -14.9533984865     0.565617107022     0.338344889058     0.831428219708     0.0560640025682     0.078207140205
n4945     3.8     -0.758007318407     0.324813281979     0.298095403867     -13.1239179831     1.58716133752     0.835875363549     0.232437009221     0.16658159909     0.206353027617
n5077     41.2     0.661680343055     0.0661586628819     0.113928049325     -15.0691860802     0.565617107022     0.338344889058     0.75876054391     0.0560640025682     0.078207140205
n5128     3.8     0.0491341641638     0.415780714824     0.38899756588     -11.8892179831     1.73878794265     1.0617725411     0.341790519893     0.246991455494     0.245264323949
n5576     24.8     0.773106848504     0.0661586628819     0.113928049325     -12.6303584041     0.565617107022     0.338344889058     0.566343198218     0.0560640025682     0.078207140205
n5845     25.2     -0.41547299333     0.415780714824     0.38899756588     -17.3631027039     1.73878794265     1.0617725411     0.369030221809     0.246991455494     0.245264323949
n5846     24.2     0.990663541974     0.324813281979     0.298095403867     -12.6354768299     1.58716133752     0.835875363549     0.753843404342     0.16658159909     0.206353027617
n6251     104.6     1.18430311025     0.0661586628819     0.113928049325     -15.7877584227     0.565617107022     0.338344889058     0.746470724014     0.0560640025682     0.078207140205
n7052     66.4     1.07588362999     0.0661586628819     0.113928049325     -14.9217403968     0.565617107022     0.338344889058     0.744472923734     0.0560640025682     0.078207140205
n7619     51.52     1.16087387238     0.324813281979     0.298095403867     -14.0093792718     1.58716133752     0.835875363549     0.714983224819     0.16658159909     0.206353027617
n7768     112.8     1.36228880278     0.324813281979     0.298095403867     -15.1149454982     1.58716133752     0.835875363549     0.828898242037     0.16658159909     0.206353027617
ugc03789     48.4     -0.250346793364     0.415780714824     0.38899756588     -18.0320268082     1.73878794265     1.0617725411     0.139186180416     0.246991455494     0.245264323949
