            J  +/-err   K  +/-err  J-K   D (Mpc)  Type A_K     R_25    vel.   K_corr 
ABELL1836 10.84  0.11 09.95  0.15  1.00  158.00    E   0.024   0.00   10882.   -0.07 
ABELL3565  8.17  0.05  7.31  0.04  0.98   40.7     E   0.023   0.00    3687.   -0.03 
IC1459     7.57  0.05  6.81  0.04  0.88   28.4     E   0.006   0.13    1802.   -0.01 
IC2560     9.50  0.17  8.50  0.29  0.97   40.7     3   0.035   0.20    2925.   -0.02      
NGC1023    7.29  0.07  6.17  0.06  0.99   11.1     0   0.022   0.47     637.    0.00 
NGC1068    6.92  0.04  5.69  0.13  1.21   15.2     3   0.012   0.07    1137.   -0.01 
NGC1194   10.57  0.12  9.86  0.13  0.75   53.9     0   0.028   0.25    4076.   -0.03      
NGC1300    8.63  0.17  7.75  0.03  0.96   20.7     4   0.011   0.18    1577.   -0.01      
NGC1332    7.83  0.05  6.87  0.09  0.97   22.3     0   0.012   0.51    1524.   -0.01      
NGC1399    7.21  0.02  6.15  0.04  0.97   19.4     E   0.005           1425.   -0.01      
NGC2273    9.33  0.02  8.20  0.04  1.00   28.5     1   0.026   0.12    1840.   -0.01      
NGC2549    8.94  0.01  8.07  0.06  0.91   12.3     0   0.024   0.48    1039.   -0.01      
NGC2778   10.36  0.08  9.47  0.06  0.89   22.3     0   0.008   0.14    2049.   -0.02      
NGC2787    8.22  0.01  7.29  0.05  0.96    7.3     0   0.048   0.19     696.   -0.00      
NGC2960   10.58  0.05  9.62  0.04  1.06   81.0     1   0.016   0.16    4932.   -0.03      
NGC3079    8.40  0.01  7.28  0.20  1.22   20.7     5   0.004   0.74    1116.    0.00 
NGC3115    6.72  0.01  5.80  0.10  0.90    9.4     0   0.017   0.47     663.   -0.01 
NGC3227    8.60  0.01  7.79  0.30  0.94   20.3     1   0.008   0.17    1157.   -0.01 
NGC3245    8.73  0.03  7.84  0.06  0.94   20.3     0   0.009   0.26    1314.   -0.01 
NGC3368    7.11  0.04  6.20  0.06  0.92   10.1     2   0.009   0.16     897.   -0.01  
NGC3377    8.15  0.01  7.35  0.08  0.85   10.9     E   0.013            665.   -0.01 
NGC3379    7.10  0.01  6.23  0.08  0.89   10.3     E   0.009            911.   -0.01 
NGC3384    7.67  0.02  6.74  0.02  0.93   11.3     0   0.010   0.34     704.   -0.01 
NGC3393   10.07  0.06  8.72  0.12  1.06   55.2     1   0.028   0.04    3750.   -0.02  
NGC3414    8.66  0.01  7.87  0.03  0.90   24.5     0   0.009   0.14    1414.   -0.01 
NGC3489    8.20  0.04  7.30  0.04  0.91   11.7     0   0.006   0.24     677.   -0.01      
NGC3585    7.32  0.08  6.46  0.14  0.86   19.5     0   0.023   0.26    1434.   -0.01      
NGC3607    7.84  0.02  7.14  0.03  0.89   22.2     0   0.008   0.30     960.   -0.01 
NGC3608    8.96  0.09  8.22  0.06  0.84   22.3     E   0.008           1253.   -0.01 
NGC3842    9.63  0.04  8.35  0.08  1.01   98.4     E   0.008           6316.   -0.04 
NGC3998    8.22  0.08  7.20  0.06  0.96   13.7     0   0.006   0.08    1040.   -0.01 
NGC4026    8.48  0.03  7.47  0.03  0.94   13.2     0   0.008   0.61     930.   -0.01 
NGC4151    8.47  0.04  7.38  0.05  1.13   20.0     2   0.010   0.15     995.   -0.01 
NGC4258    6.51  0.03  5.64  0.09  0.90    7.2     4   0.006   0.41     448.    0.00 
NGC4261    7.93  0.05  7.04  0.03  0.95   30.8     E   0.007           2238.   -0.02      
NGC4291    9.04  0.05  8.19  0.03  0.94   25.5     E   0.013           1757.   -0.01  
NGC4342    9.96  0.04  9.06  0.01  0.90   23.0     0   0.008   0.33     751.   -0.01      
NGC4374    6.86  0.03  6.05  0.03  0.92   17.9     E   0.015           1060.   -0.01  
NGC4388    8.89  0.06  8.09  0.05  0.96   41.4     3   0.012   0.64    2524.   -0.02 
NGC4459    7.91  0.01  6.98  0.02  0.95   15.7     0   0.017   0.12    1210.   -0.01 
NGC4473    7.93  0.01  6.97  0.01  0.94   15.3     E   0.010           2244.   -0.02 
NGC4486a   9.74  0.04  8.92  0.08  0.81   17.0     E   0.009            150.    0.00      
NGC4552    7.52  0.04  6.64  0.03  0.93   14.9     E   0.015            340.    0.00 
NGC4564    8.63  0.04  7.70  0.05  0.93   14.6     0   0.013   0.38    1142.   -0.01 
NGC4594    5.84  0.12  4.91  0.16  0.92    9.5     1   0.019   0.39    1024.   -0.01 
NGC4596    8.05  0.03  7.22  0.09  0.89   17.0     0   0.008   0.13    1870.   -0.01 
NGC4621    7.55  0.06  6.78  0.06  0.87   17.8     E   0.012            410.    0.00 
NGC4649    6.34  0.07  5.61  0.06  0.92   16.4     E   0.010           1117.   -0.01      
NGC4697    6.96  0.07  6.26  0.09  0.87   11.4     E   0.011           1241.   -0.01 
NGC4736    5.98  0.05  5.12  0.05  0.90    4.4     2   0.007   0.09     308.    0.00 
NGC4826    6.25  0.05  5.33  0.19  0.95    7.3     2   0.015   0.27     408.    0.00   
NGC4889    9.00  0.04  8.21  0.05  1.00  103.2     E   0.004           6495.   -0.04 
NGC5077    8.87  0.06  7.75  0.08  1.01   41.2     E   0.018           2806.   -0.02 
NGC524     7.82  0.03  6.96  0.04  0.92   23.3     0   0.030   0.01    2379.   -0.02 
NGC5576    8.45  0.02  7.52  0.02  0.88   24.8     E   0.012           1487.   -0.01      
NGC5813    8.13  0.01  7.29  0.14  0.90   31.3     E   0.021           1972.   -0.01      
NGC5845    9.97  0.02  9.07  0.01  0.96   25.2     E   0.020           1450.   -0.01 
NGC5846    7.54  0.03  6.65  0.01  0.95   24.2     E   0.020           1714.   -0.01      
NGC6086   10.36  0.03  9.40  0.05  1.02  138.0     E   0.014   0.00    9549.   -0.05 
NGC6251    9.64  0.02  8.71  0.05  1.05  104.6     E   0.032           7408.   -0.04 
NGC6264   12.09  0.10 11.27  0.08  0.98  146.3     1   0.024   0.15   10177.   -0.07 
NGC6323   11.75  0.02 10.60  0.02  1.11  112.4     2   0.006   0.48    7772.   -0.05 
NGC7052    9.36  0.04  8.28  0.04  1.03   66.4     E   0.044           4672.   -0.03  
NGC7582    8.38  0.09  7.42  0.08  1.05   22.0     2   0.005   0.38    1575.   -0.01 
NGC 821    8.31  0.05  7.32  0.06  0.91   23.4     E   0.040           1735.   -0.01 
UGC3789   10.44  0.02  9.31  0.18  1.08   48.4     2   0.024   0.06    3257.   -0.04  ! okay now 
NGC1316    6.42  0.03  5.54  0.02  0.88   18.6     0   0.008   0.15    1760.   -0.02 
NGC221     5.94  0.05  5.03  0.08  0.92    0.79    0   0.023   0.13  -00200.    0.00  ! M32
NGC2974    8.40  0.01  7.63  0.05  0.84   20.9     E   0.020           1919.   -0.01  ! Good data, but 2MASS bad

NGC5252   10.59  0.04  8.99  0.09  1.23  103.5     0   0.012   0.21    6888.   -0.03  ! Uncertain M_bh

--------------
Jim wrote: 
Ok, here are the results for 68 galaxies, the others
were too big for simple 2MASS frames.  I will have to
look at them as individuals, or we can use 2MASS values
and correct.

first file is J, K mags and errors.  Total mags
from curves of growth.  Colors do *not* match
J-K totals, they are integrated colors at R_24 K
point.  You can correct J totals to K totals with color
but I found the two methods to be identical statistically
for the sample.

I also included the 2MASS values, there is a 0.11 and 0.12
mag difference in J and K (2MASS fainter).  Which is not
as bad as the 0.3 I found for the larger sample.
