ic1459
 407.34  254.05 407.34 254.05
   4.85  10.77    393. 0.03997    104. 0.06   22 2.68     1.66     1.52   1.62
 572.86   34.05  572.86 34.05
   4.76   9.49   1282. 0.08428   309.6 0.05   21 3.97     1.60     1.72   1.59
 397.47   30.60  397.47 30.60
   5.71  12.16   109.6  0.0362   25.26 0.07    3 4.40     1.79     1.76   1.90
 101.12  226.64 101.12 226.64
   5.19  12.23   102.1  0.0027   23.74 0.02  -32 12.0     1.68     1.77   1.73
  29.25  210.66  29.25 210.66
   5.41  12.58   74.18 0.00148   16.17 0.15   17 13.8     1.77     1.81   1.80

ic2560
 136.36  146.99 136.36 146.99
   5.02   9.77   984.4 0.05215   242.6 0.00 INDEF 8.71     1.63     1.73   1.67
 262.09  176.19 262.09 176.19
   4.12  10.27    624. 0.03348   213.7 0.03  -83 1.80     1.40     1.27   1.37
 389.98   54.24  389.98 54.24
   5.01   9.30   1520. 0.05652   343.1 0.07  -81 10.7     1.69     1.80   1.67
  83.32  734.84  83.32 734.84
   4.93  10.75    401. 0.02022   108.9 0.03  -59 2.59     1.62     1.50   1.64
 132.53  400.28 132.53 400.28
   5.44  10.51   497.4 0.02649   140.3 0.05  -62 1.70     1.75     1.42   1.81
  65.50  612.30  65.50 612.30
   5.58  12.26   99.89 0.00708   25.69 0.01  -69 2.74     1.76     1.59   1.86

ic4296
 395.00  251.05 395.00 251.05
   4.71  10.51   498.1  0.0527   119.2 0.05   14 2.54     1.58     1.68   1.57
 575.22   28.57  575.22 28.57
   5.40  12.13   111.9 0.03047   25.56 0.09   21 47.2     1.73     1.82   1.80
 155.11   76.18  155.11 76.18
   4.63  12.28    97.9 5.36E-4   26.27 0.09  -13 2.43     1.56     1.54   1.54
  22.03   47.82   22.03 47.82
   5.10  13.43   33.78 -0.0195    7.26 0.10   -4 4.18     1.71     1.84   1.70

m104
 423.40 1078.69 423.40 1078.69
   6.11   8.72   2604. 0.07766    481. 0.01  -12 6.64     1.93     2.02   2.04
 596.04  828.16  596.04 828.16
   4.76  10.93   337.8 0.02901   81.12 0.02  -69 3.91     1.61     1.72   1.59
 176.38   78.18   176.38 78.18
   5.42  12.21   104.2 0.00301   22.58 0.01   74 24.0     1.73     1.89   1.81
 471.46   84.51   471.46 84.51
   5.78  13.09   46.37 2.82E-4   10.98 0.06  -67 4.49     1.67     1.72   1.93

m105
 279.86  237.69 279.86 237.69
   4.77  11.35    230. 0.02067   62.63 0.01  -19 3.84     1.57     1.58   1.59
 193.08  163.37 193.08 163.37
   4.64  13.09   46.59 0.00288   15.33 0.01   23 2.18     1.52     1.31   1.55

m106
 280.84  929.23 280.84 929.23
   4.78  10.89   350.9 0.01847   90.42 0.05  -78 8.77     1.56     1.71   1.59
 331.98  554.94 331.98 554.94
   4.82  10.75   399.3 0.02819   83.58 0.04   87 2.32     1.60     1.76   1.61
 603.21 1039.21 603.21 1039.21
   5.01  11.15   276.8 0.01051   67.66 0.02  -78 3.45     1.63     1.69   1.67
 380.47 1055.62 380.47 1055.62
   5.24  11.60   183.1 0.00483   62.25 0.03  -78 3.13     1.68     1.30   1.75
1249.60 1294.81 1249.60 1294.81
   5.54   9.61   1141. 0.05085   237.1 0.03  -80 15.5     1.79     1.90   1.85
1348.86  333.28 1348.86 333.28
   5.24  11.80   152.9 0.01971   34.18 0.01  -60 10.2     1.68     1.88   1.75
 734.24 1314.29 734.24 1314.29
   5.25  11.60   182.7 0.00249   42.14 0.04  -59 11.4     1.70     1.79   1.75

m31
5738.80 4127.24 5738.80 4127.24
   5.79  10.02   787.4  0.1738   149.6 0.03  -82 9.76     1.85     2.01   1.93
5517.43 4043.75 5517.43 4043.75
   6.53   9.70   1052.   0.168   166.2 0.01   79 9.45     2.06     2.25   2.18
6233.71 3376.26 6233.71 3376.26
   5.93  10.11   723.1    0.19   135.8 0.02   79 3.61     1.89     1.96   1.98
6710.31 2537.22 6710.31 2537.22
   8.40   9.30   1516.  0.2306   151.1 0.04   86 10.2     2.48     2.84   2.80
7017.57 2710.83 7017.57 2710.83
   5.90   9.92   857.8  0.2079   161.1 0.02  -88 5.77     1.89     1.96   1.97
6498.83 1391.21 6498.83 1391.21
   5.96   9.81    949.  0.2647   163.8 0.01   70 4.80     1.92     2.14   1.99
6148.25 1590.57 6148.25 1590.57
   5.96  10.11   720.9  0.2682   134.3 0.00 INDEF 19.5     1.89     2.04   1.99
6671.30 1027.79 6671.30 1027.79
   5.62  10.13   707.3  0.2653   140.6 0.00 INDEF 6.43     1.81     1.95   1.87

m49
 295.67 1096.06 295.67 1096.06
   5.47  10.99   320.8 0.01834     68. 0.02  -58 7.42     1.74     1.92   1.82
 133.07 1211.08 133.07 1211.08
   4.45  11.30   240.7 0.00139   64.65 0.07   75 2.74     1.49     1.56   1.48
 992.61 1456.13 992.61 1456.13
   5.51  10.95   333.7 0.02096   71.48 0.05   86 9.95     1.74     1.94   1.84
1039.94  560.25 1039.94 560.25
   4.55  10.60   458.3 0.02244    134. 0.05  -82 2.51     1.54     1.45   1.52
 199.50  142.85  199.50 142.85
   5.90  10.50   503.7 0.01877   93.15 0.24   68 3.80     1.99     1.87   1.97

m59
  26.26  222.23 26.26 222.23
   4.83  12.12   113.4 0.00851   30.95 0.03   40 2.68     1.66     1.48   1.61
  97.68  253.07 97.68 253.07
   5.16  13.56   30.19 0.00453   6.861 0.02   28 7.08     1.67     1.81   1.72
 514.24  229.03 514.24 229.03
   5.11  12.97    51.6  0.0773   10.97 0.04    1 2.85     1.71     1.75   1.70

m60
 161.90  231.49 161.90 231.49
   5.20  12.33     93. 0.01023   24.14 0.03    1 2.59     1.65     1.61   1.73
  55.31  248.60  55.31 248.60
   5.44  13.03   49.22 -0.0057   11.63 0.05   14 20.9     1.73     1.78   1.81
 111.89  153.67 111.89 153.67
   5.35  12.75   63.38 -3.8E-4    14.1 0.01    9 7.11     1.71     1.88   1.78

m64
 141.86  409.89 141.86 409.89
   5.04  11.42    216.  0.0106   48.64 0.05   18 7.88     1.69     1.84   1.68
 157.59  221.35 157.59 221.35
   6.01  11.83   147.9  0.0038    28.7 0.02   63 8.02     1.76     2.00   2.00
 318.92  117.08 318.92 117.08
   4.90  12.51   78.91 -5.8E-4   18.53 0.02   89 3.17     1.65     1.75   1.63
 259.84  677.71 259.84 677.71
   5.28  12.28   98.01 0.00825   21.79 0.01   21 7.37     1.70     1.86   1.76
  99.72  700.91  99.72 700.91
   5.33  12.37   90.01 0.00958   19.84 0.03    5 15.9     1.67     1.95   1.78
  93.77  720.85  93.77 720.85
   4.75  12.17   108.3 0.01136   27.81 0.03   21 5.46     1.61     1.65   1.58

n1023
  85.21  135.76 85.21 135.76
   5.28  11.91   137.9 0.00529   30.26 0.03    0 12.6     1.70     1.85   1.76
  35.67  319.17 35.67 319.17
   5.42  12.62   71.53 0.00416    15.3 0.00 INDEF 15.3     1.74     1.88   1.81
 629.90  107.17 629.90 107.17
   5.39  11.89   139.6 0.00505   29.28 0.03   77 4.23     1.74     1.87   1.80
 660.52  135.89 660.52 135.89
   5.87  11.80   152.8 -0.0018   29.32 0.03   -9 6.98     1.86     2.00   1.96
 616.53  233.79 616.53 233.79
   5.71  11.38   224.5 0.01741   46.31 0.02   -4 8.64     1.80     1.95   1.90










