# galaxy re_maj_gaussian_comb mue_maj_gaussian_comb n_maj_gaussian_comb msph_maj_gaussian_comb mtot_maj_gaussian_comb re_maj_gaussian_log mue_maj_gaussian_log n_maj_gaussian_log msph_maj_gaussian_log mtot_maj_gaussian_log re_maj_moffat_comb mue_maj_moffat_comb n_maj_moffat_comb msph_maj_moffat_comb mtot_maj_moffat_comb re_maj_moffat_log mue_maj_moffat_log n_maj_moffat_log msph_maj_moffat_log mtot_maj_moffat_log re_eq_gaussian_comb mue_eq_gaussian_comb n_eq_gaussian_comb msph_eq_gaussian_comb mtot_eq_gaussian_comb re_eq_gaussian_log mue_eq_gaussian_log n_eq_gaussian_log msph_eq_gaussian_log mtot_eq_gaussian_log re_eq_moffat_comb mue_eq_moffat_comb n_eq_moffat_comb msph_eq_moffat_comb mtot_eq_moffat_comb re_eq_moffat_log mue_eq_moffat_log n_eq_moffat_log msph_eq_moffat_log mtot_eq_moffat_log
circinus 18.9379 14.6161 0.5006 5.8356 3.161361317 10.3606 13.1461 1.0864 5.337 3.15647413127 18.9151 14.6131 0.5012 5.8347 3.16151477193 11.8243 13.3138 1.2358 5.1563 3.15733244422 13.9966 14.3695 0.4619 6.2766 3.21899513503 8.8528 13.0238 1.0116 5.5897 3.21556263769 13.8899 14.3462 0.4675 6.2654 3.21905287054 8.8132 13.0217 1.0207 5.5932 3.21579961962 
ic1459 63.413 18.5019 6.6785 5.832 5.83195812962 63.2941 18.5014 6.5416 5.8466 5.84657352136 63.085 18.4907 6.5526 5.8421 5.842118545 62.3264 18.467 6.2324 5.8713 5.87131348123 56.8153 18.5719 7.0932 6.1085 6.10849968827 57.5266 18.6003 6.9656 6.1195 6.11954335217 57.2658 18.5882 7.0199 6.1132 6.11318304513 55.2317 18.5124 6.3964 6.1654 6.16536320881 
ic2560 5.8617 16.4703 0.9107 9.9802 7.32577403079 5.7438 16.4939 1.1165 9.9528 7.32420498373 6.1225 16.5781 0.8006 10.0518 7.32726161638 6.2025 16.673 0.8557 10.0885 7.33959038359 4.235 16.3151 0.662 10.6723 8.28498515424 3.9321 16.2287 0.8493 10.6374 8.27566723271 4.4622 16.4762 0.5829 10.7734 8.28658533754 4.3948 16.566 0.6411 10.8564 8.31293000577 
ic4296 66.3775 19.3388 5.9266 6.633 6.63303101815 66.9524 19.3495 5.7365 6.6423 6.64232919252 65.8896 19.3236 5.8369 6.642 6.64197938959 65.3623 19.2984 5.4883 6.6667 6.6667424175 71.2703 19.5739 6.4881 6.6657 6.66565318919 80.3284 19.8061 6.7759 6.615 6.61503290362 68.0707 19.4799 6.1861 6.6967 6.69673865444 76.7982 19.7138 6.4328 6.6479 6.64785234785 
m104 10.9379 14.5542 5.5083 5.8026 3.91822735983 12.0924 14.7587 4.5822 5.8864 3.93527418288 10.8968 14.5533 5.5511 5.8058 3.91850958604 12.7284 14.8756 4.3799 5.9158 3.94042566041 52.167 17.6733 7.3114 5.3791 4.55025085682 26.3607 16.4489 5.1 5.8279 4.65795838918 33.0666 16.0201 2.0239 5.386 4.65264576373 38.697 17.11 5.5557 5.6102 4.6264256355 
m105 57.1059 17.9321 5.2273 5.6195 5.61950783809 62.4265 18.1283 5.7861 5.5685 5.56847945257 57.1557 17.9334 5.1747 5.6243 5.62425898676 62.7374 18.1371 5.668 5.5774 5.57740073014 51.0908 17.8454 5.3398 5.7632 5.76318012338 55.0576 18.0129 5.855 5.7196 5.71959362291 50.9147 17.8373 5.2565 5.7709 5.77094712512 54.9579 18.0066 5.6586 5.7354 5.73535493829 
m106 15.2628 16.0983 1.9985 7.1493 4.4859924716 15.7252 16.1724 2.0235 7.1523 4.4862497952 15.3115 16.1068 1.9858 7.1541 4.48640004988 15.8298 16.1894 1.9785 7.1663 4.48744296859 8.3366 15.5594 1.2064 8.1724 5.24236806992 8.6388 15.6726 1.2303 8.1989 5.24412922192 8.3369 15.5666 1.2125 8.1772 5.24268892065 8.7134 15.7058 1.2238 8.216 5.24524670022 
m31 424.7343 16.8282 2.251 0.5965 -1.68157085972 656.8404 17.4743 1.7809 0.4141 -1.73436148196 418.623 16.8043 2.2273 0.6095 -1.67988717333 659.6576 17.478 1.7829 0.4079 -1.73870368929 173.6124 15.6349 1.3378 1.6051 -0.32838501783 1066.6055 20.6927 3.775 2.1946 -0.072855234972 173.5727 15.635 1.3392 1.6053 -0.328362250336 1006.623 24.3399 9.9101 5.456 -0.0414426159593 
m49 190.3576 19.335 6.598 4.2846 4.28455197427 179.5374 19.21 6.171 4.3222 4.3221680711 190.1954 19.3331 6.5846 4.2856 4.2855508887 176.7046 19.1762 6.0663 4.332 4.33197994395 135.2289 18.8317 5.436 4.6264 4.62640149952 133.7169 18.807 5.3466 4.6349 4.63494116312 135.2713 18.8323 5.4306 4.6269 4.62692217791 133.8615 18.8093 5.3454 4.635 4.63500171439 
m59 49.8649 18.1257 5.9994 6.0346 5.83066088704 50.0106 18.1176 5.6298 6.0538 5.85170686 48.0109 18.0179 5.5497 6.0503 5.85367733457 49.0216 18.0476 5.1902 6.0702 5.87610037161 94.5883 19.7587 9.2447 6.0471 5.95984463284 95.6561 19.7785 8.6787 6.0763 5.98171130564 90.9325 19.6715 8.7878 6.0726 5.98444140705 97.4858 19.8151 8.1302 6.1065 6.00344935876 
m60 137.6317 18.9264 6.3018 4.6046 4.60462373513 179.022 19.4262 7.2071 4.4621 4.46206826337 137.5014 18.9246 6.2841 4.6063 4.6062905947 174.1296 19.3708 7.05 4.4786 4.47861730758 119.6102 18.8912 6.8107 4.8329 4.83287215836 158.6972 19.4339 7.8485 4.6861 4.68605905749 111.0286 18.7417 6.4126 4.8771 4.87706144651 166.388 19.5238 7.9547 4.6661 4.6660529823 
m64 4.0297 13.4652 0.9099 7.7892 4.52210994891 4.6015 13.745 1.0472 7.7157 4.52607104179 3.7675 13.376 0.8489 7.8777 4.52245157243 5.2738 14.3373 1.5803 7.8132 4.52059753243 3.9135 13.6385 1.205 7.8942 5.07859408348 7.9087 14.7185 1.9245 7.2161 5.08209112053 4.2633 13.7756 1.3829 7.7789 5.07920939431 6.0798 14.4575 1.7872 7.5634 5.08760674571 
m77 192.0893 23.5134 0.01 10.1005 -99.9999 0.1816 16.3184 0.0134 18.0268 -99.9999 218.9997 23.5153 0.0149 9.8176 -99.9999 0.1662 16.3112 0.0134 18.2123 -99.9999 6.9318 13.0934 1.1356 6.136 -99.9999 1.1749 15.6094 0.1441 13.2085 -99.9999 8.0615 13.3424 1.0293 6.1035 -99.9999 1.2195 15.5902 0.1458 13.1068 -99.9999 
m81 30.9959 15.2211 1.6616 4.8263 2.87554150023 41.3391 16.0285 1.991 4.9178 2.89019535215 31.0117 15.223 1.6636 4.8264 2.87556635089 41.4766 16.0371 1.9953 4.918 2.89023663258 33.2248 15.5475 2.0722 4.891 3.47155497306 44.7026 16.3631 2.2792 5.014 3.50346130687 33.2337 15.5489 2.0743 4.8913 3.47163762356 45.0122 16.3788 2.2889 5.0126 3.50311238222 
m84 102.0292 19.0166 7.8448 5.2282 5.22820807958 109.8088 19.1621 8.0849 5.198 5.19803529523 101.6457 19.0088 7.7864 5.2325 5.23254480378 109.8954 19.1636 8.0427 5.2006 5.20061831699 130.0833 19.5717 7.9051 5.2518 5.25176358936 130.7558 19.5745 7.7064 5.2569 5.25688390273 129.8128 19.5673 7.8684 5.2544 5.2543980414 130.6563 19.5725 7.6621 5.2596 5.25961176425 
m87 206.4226 19.9072 10.0093 4.4585 4.45849415275 205.9158 19.8996 10.0054 4.4564 4.45637725706 202.9986 19.8729 9.9936 4.4613 4.46129599625 207.0587 19.9109 10.0078 4.4555 4.45552893828 87.0846 18.2566 5.8514 4.968 4.96796131113 87.6783 18.2672 5.6537 4.9821 4.98205268676 87.1191 18.2577 5.852 4.9682 4.96815236992 87.8489 18.2714 5.6377 4.9835 4.98351805521 
m89 29.0178 17.1449 4.6871 6.3599 6.03882834232 32.1279 17.3453 5.2159 6.2829 5.99885845612 28.982 17.1438 4.6117 6.37 6.0434535071 32.777 17.3848 5.117 6.289 5.99986884122 28.0853 17.1409 5.1682 6.3753 6.11736755365 28.7259 17.1864 5.1673 6.3719 6.11367162504 28.1937 17.1503 5.1041 6.3829 6.12173518998 32.9009 17.4559 5.6942 6.2954 6.0653496541 
m94 11.1425 13.675 0.9663 5.7628 4.5482101493 11.4559 13.7847 1.1282 5.7396 4.53368761747 11.352 13.7323 0.9447 5.79 4.55078244328 11.1332 13.7132 1.1294 5.7295 4.53728492003 8.3956 13.499 1.1086 6.137 4.85605088504 8.5852 13.5754 1.2598 6.1038 4.85173338098 8.3918 13.5019 1.1178 6.137 4.85696949911 8.4337 13.5689 1.2591 6.1363 4.85818182369 
m96 7.559 14.6191 1.4493 7.3559 5.40007059967 9.1952 14.9589 1.622 7.2147 5.41114303358 7.5337 14.6282 1.4819 7.3614 5.40098960331 9.7235 15.0869 1.744 7.1854 5.4130655384 5.2339 14.2621 1.223 7.8794 5.82097972991 7.8288 14.8655 1.5926 7.4797 5.83502571098 5.2523 14.2794 1.2676 7.8718 5.82199080215 6.421 14.6956 1.4896 7.7732 5.83916452635 
n0253 220.9605 16.3472 1.3504 1.7891 1.78913792631 237.2719 16.9818 2.1728 2.0324 2.03244031556 220.9523 16.3471 1.3504 1.7892 1.78915647231 237.2621 16.982 2.171 2.0331 2.03310290345 101.3612 16.2954 1.6357 3.3355 3.33549448535 102.2784 16.5071 2.0852 3.4059 3.40587345224 101.359 16.2955 1.636 3.3355 3.33549695205 102.3344 16.5074 2.0794 3.4064 3.40639774906 
n0524 6.0285 15.2283 1.0858 8.5953 6.85819400611 6.5149 15.4018 1.1349 8.5794 6.86720446407 6.0238 15.2384 1.1137 8.5952 6.85927736629 6.5971 15.4668 1.1961 8.5921 6.87194414674 5.8597 15.2012 1.0541 8.6439 6.9109427209 6.2438 15.3522 1.0851 8.6434 6.92057718872 5.8388 15.2056 1.0752 8.6467 6.91205786736 6.4772 15.4422 1.1589 8.6225 6.92488123941 
n0821 36.7818 18.4144 5.3534 7.0445 6.99264982451 32.9955 18.1809 4.2994 7.1623 7.09584488355 36.8335 18.4231 5.3752 7.048 6.99488885942 33.588 18.5735 4.9166 7.4457 7.14096535866 21.4871 17.9877 5.9118 7.7324 7.54876335825 32.5451 18.8241 5.6638 7.6901 7.4780833525 20.7158 17.9685 6.0183 7.7832 7.56365940568 16.9729 17.7681 4.4894 8.1704 7.687704994 
n1023 8.9622 14.8952 2.0356 7.0931 5.14776959538 12.8785 15.5315 2.3549 6.8681 5.15989047562 9.214 14.9575 2.1361 7.0707 5.14826208056 16.7991 15.9811 2.7675 6.6578 5.15821124061 7.1512 14.7145 1.8794 7.4428 6.02637859106 8.7321 15.1186 2.0888 7.3599 6.03093816487 7.4311 14.7911 1.9947 7.406 6.02542285667 8.7451 15.1926 2.2043 7.4033 6.03490686853 
n1300 11.8678 17.9511 4.0811 9.1803 6.325188318 15.6303 18.5239 4.4739 9.1069 6.4331732215 9.8799 17.6167 3.8139 9.2794 6.40630470899 25.6269 19.4271 5.749 8.8041 6.32846458726 8.9413 17.5647 3.6294 9.4701 7.34392284702 14.7716 18.6065 4.8055 9.2745 7.58630160095 8.1409 17.4075 3.595 9.5215 7.42408181627 10.3378 18.0152 4.3284 9.5133 7.68198353067 
n1316 20.9474 15.517 2.0361 5.8711 4.36183465263 24.8356 15.813 2.4141 5.7109 4.36505869067 21.4961 15.5536 2.0473 5.8488 4.36223249486 23.6716 15.7347 2.3071 5.7599 4.36737710417 15.836 15.4219 1.7822 6.4504 4.87081485181 17.9133 15.649 2.1499 6.3154 4.87649496309 15.8672 15.4286 1.7705 6.4562 4.87142930446 17.9863 15.6676 2.144 6.3265 4.87902188479 
n1332 34.4812 17.4384 5.2602 6.218 5.8402350583 34.0454 17.3806 4.8368 6.2321 5.86112542121 34.712 17.4405 5.0921 6.2228 5.84750827403 36.3453 17.4792 4.6857 6.2054 5.85951794191 17.8051 16.4506 3.7514 6.8431 6.77863921613 19.5815 16.6097 3.8005 6.7889 6.75916584754 17.9837 16.4692 3.6733 6.8509 6.78837419487 19.9918 16.6427 3.5537 6.8118 6.78705852268 
n1374 25.4867 18.0449 3.7574 7.6576 7.63760168704 25.9487 18.0792 3.6558 7.6673 7.6562048889 25.6068 18.0557 3.7216 7.6633 7.6411252151 26.1319 18.0874 3.4278 7.6938 7.67919436957 24.6506 18.0928 4.125 7.7292 7.71449876445 25.0938 18.1234 3.8625 7.7555 7.70422003614 24.8038 18.1072 4.0743 7.7366 7.7188002109 25.3665 18.1438 3.6679 7.7794 7.76466376702 
n1399 405.101 21.796 10.0006 4.8838 4.83757942702 392.8803 21.7385 10.0025 4.8927 4.84907303811 405.1712 21.7965 10.0021 4.8837 4.83818747545 393.7256 21.743 10.0051 4.8923 4.849995429 341.2736 21.5485 10.0027 5.0084 4.9737682332 343.8416 21.5598 9.9924 5.004 4.97089781525 338.0863 21.5308 10.0049 5.011 4.9773264999 354.3586 21.6166 10.0001 4.9949 4.96250672036 
n2273 1.781 13.5634 2.0286 9.2717 7.65373038183 1.917 13.9071 2.4843 9.3525 7.66180515895 1.6025 13.3628 2.1168 9.2789 7.65010139534 1.5047 13.5281 3.037 9.396 7.68312602389 2.0162 13.9419 2.3443 9.3074 8.07131811516 2.0913 14.2971 2.312 9.5904 8.10171813207 1.8751 13.8315 2.7435 9.274 8.06182845581 3.2303 15.2617 5.3361 9.1754 8.09549461999 
n2549 6.0788 15.5466 2.1503 8.5597 6.84242817984 6.6037 16.2051 3.1544 8.8416 6.90773933668 6.0646 15.5709 2.2624 8.5632 6.84050346144 6.5389 16.2601 3.4514 8.8712 6.91281258573 3.3165 14.6386 1.4979 9.1481 7.84909404122 3.6787 15.3645 2.4547 9.4007 7.88274736239 3.1004 14.5424 1.4824 9.2033 7.85324480852 4.4257 15.6407 2.8994 9.1898 7.88392767835 
n2778 2.2943 15.4108 1.6495 10.6728 9.06049950014 1.967 15.6319 2.0252 11.1253 9.09751322531 2.347 15.6069 1.2636 10.95 9.07086034272 1.8564 15.5116 2.2074 11.0871 9.10835477165 2.3332 15.5028 1.2249 10.8737 9.30055577083 2.2122 16.0071 2.7504 11.0893 9.32645347304 2.2166 15.4639 1.237 10.9415 9.30304327865 1.5263 15.3885 3.7573 11.1146 9.32862459957 
n2787 "" "" "" "" "" "" "" "" "" "" "" "" "" "" "" "" "" "" "" "" "" "" "" "" "" "" "" "" "" "" "" "" "" "" "" "" "" "" "" "" 
n2974 8.1787 15.6175 1.4523 8.1822 6.96899744366 8.5551 15.6795 1.3986 8.1649 6.98138867477 8.2835 15.6433 1.4271 8.1889 6.97070583426 8.6598 15.7309 1.3858 8.1944 6.98767035541 6.8374 15.5922 1.2387 8.623 7.4347291242 7.0771 15.7551 1.496 8.6194 7.45474163685 6.9155 15.6274 1.1979 8.6497 7.43684268419 7.4632 15.813 1.397 8.5955 7.46698421492 
n3079 6.7598 14.4385 1.3116 7.4665 5.78645211426 7.3882 14.646 1.8724 7.3053 5.79580144551 6.8074 14.4653 1.2777 7.4907 5.78850509989 7.6241 14.7356 1.803 7.3456 5.80163453921 4.1481 14.3313 1.1931 8.4654 7.12507549083 4.8452 14.6517 1.985 8.1978 7.13754275898 4.3323 14.4783 1.0773 8.5665 7.13072799893 5.2689 14.9182 2.3861 8.1888 7.15131211908 
n3091 99.0142 20.3987 7.5752 6.6941 6.69408899192 101.8313 20.4465 7.717 6.6711 6.67106986989 100.47 20.4283 7.6171 6.6891 6.68908135222 102.5602 20.4575 7.5589 6.6776 6.67762197069 51.7426 19.4874 6.7377 7.2544 7.2543626833 64.5671 19.9135 7.3633 7.1525 7.15249041278 51.2139 19.4662 6.5917 7.2672 7.26715533301 58.1167 19.6915 6.4465 7.2297 7.22972811509 
n3115 43.4787 16.6565 4.3747 5.0298 4.57201119374 48.5882 16.7076 3.9652 4.8911 4.56518374937 43.5862 16.6703 4.3995 5.0352 4.57284470418 50.9227 16.8671 4.1681 4.9226 4.56258300587 34.3796 16.8225 4.9558 5.6399 5.47233534195 41.4062 17.132 4.6341 5.581 5.4676535119 34.4457 16.8491 5.0937 5.6479 5.4696676171 43.0122 17.3278 5.0195 5.652 5.46819008001 
n3227 7.2351 16.3123 2.0742 8.9655 6.60413543241 5.7669 15.8967 4.2306 8.6742 6.59840799001 8.0694 16.5587 1.7168 9.0698 6.6067327462 8.758 16.7935 1.7501 9.1173 6.63760615817 3.5489 15.122 1.6495 9.4368 7.2661902672 3.5701 15.2098 1.7423 9.4844 6.82245842574 4.607 15.8266 1.0971 9.7728 7.27510440798 5.299 16.2718 0.8697 10.0218 7.26497161446 
n3245 4.6408 15.0 2.7147 8.4801 7.01435651703 3.7416 15.229 3.5859 9.0325 6.98879413401 4.4474 14.9569 2.8632 8.5019 7.01667578899 3.4721 15.2668 4.8126 9.0783 7.01736731933 2.8222 14.2242 1.8238 8.9864 7.6460976612 6.6614 16.078 4.2251 8.5431 7.61100344786 2.4495 13.9993 1.6927 9.1063 7.65646075264 5.0562 15.7963 4.8615 8.7863 7.65046773666 
n3377 57.0594 18.9615 7.2307 6.4785 6.31794090048 148.9943 21.1742 10.1915 6.4237 6.1393964057 61.8324 19.1561 7.7194 6.4639 6.29480480116 81.9511 19.7626 7.6107 6.4662 6.25634969784 88.4815 20.2552 8.9412 6.7064 6.63205245333 112.9041 20.7869 9.9362 6.6524 6.58189693589 91.725 20.3333 9.1727 6.6926 6.61906143361 108.7695 20.7493 9.992 6.6928 6.61787471696 
n3384 5.4184 14.1807 1.5696 7.6012 5.93104459053 5.8433 14.3518 1.3859 7.6695 5.9537252714 5.468 14.2127 1.5533 7.6186 5.93544284145 5.9603 14.4264 1.3649 7.7084 5.96185626521 5.642 14.5375 1.7502 7.8161 6.51831651702 5.9964 14.6817 1.5797 7.8789 6.54138952139 5.6459 14.5644 1.7805 7.833 6.52218365463 6.0512 14.7613 1.5908 7.9353 6.55290458169 
n3393 1.6036 14.3812 3.1918 10.085 8.02107104554 1.3946 14.4613 7.3677 10.0278 8.01752995004 1.3517 14.032 3.3737 10.0781 8.01665910515 0.4892 12.1952 7.6589 10.0156 8.00027342751 1.5758 14.3753 2.5766 10.2276 8.41770906232 1.158 14.1383 6.7265 10.1568 8.40977180231 1.4114 14.1488 2.6381 10.2282 8.41513875687 0.6729 12.974 8.1465 10.0694 8.39190873149 
n3414 27.938 18.1034 4.9681 7.3701 7.25873265599 27.9628 18.0045 3.9307 7.3924 7.26407775204 27.9631 18.1001 4.8492 7.3776 7.27171565274 27.7642 18.1005 4.0958 7.4823 7.29311987819 25.3023 18.0805 4.7988 7.5807 7.51748851728 26.1435 18.0834 3.9882 7.6097 7.47184131587 25.4798 18.0817 4.5425 7.5955 7.52994838576 26.4224 18.0999 3.6991 7.6425 7.58907059292 
n3489 2.306 13.569 1.4358 8.8884 6.72914900167 2.4081 14.0103 2.2961 9.0008 6.74983029896 2.1515 13.4671 1.4719 8.9248 6.73126627874 1.8953 13.6384 2.248 9.1595 6.7614417989 1.8648 13.3747 1.3491 9.1856 7.26772828962 1.4658 13.4347 3.1554 9.3396 7.29121805185 1.7488 13.2483 1.3055 9.2146 7.27051091417 1.1988 13.0281 3.0499 9.3871 7.30482756174 
n3585 104.4617 19.1198 5.1353 5.5052 5.41222270356 176.2499 20.173 6.2307 5.3202 5.21625362563 104.9658 19.1306 5.1981 5.4991 5.408566981 246.1232 20.8284 7.0354 5.1859 5.08440536846 84.3175 19.1945 6.1213 5.9522 5.91038264214 137.776 20.1884 7.1535 5.797 5.74022470067 86.2954 19.2446 6.3414 5.9332 5.89640401456 120.4776 19.9315 6.945 5.8471 5.79725843191 
n3607 67.0065 18.9234 5.277 6.2586 6.13969790495 61.1594 18.7163 4.4526 6.3394 6.20882017397 69.2786 18.9967 5.468 6.2407 6.12489557359 65.7253 18.8739 4.7538 6.3061 6.18040310109 64.215 18.9666 5.3804 6.384 6.29782811384 60.5675 18.8321 4.6309 6.4555 6.35740529122 65.5421 19.0115 5.5577 6.3673 6.2862338109 64.4518 18.9681 4.9473 6.4218 6.33126944702 
n3608 47.1449 18.9192 5.1312 7.0326 7.03263080184 46.5597 18.8944 4.7517 7.0754 7.07542529604 47.4658 18.9348 5.1881 7.0277 7.02767405942 48.0911 18.9642 4.8224 7.0672 7.06718688636 43.0531 18.987 5.6132 7.2501 7.25007803393 42.5744 18.9582 5.0456 7.302 7.30195900613 43.3726 19.0042 5.6747 7.2455 7.24549374829 46.9752 19.168 5.3191 7.2703 7.27028016078 
n3842exp 103.3245 21.4855 8.3383 7.6372 7.59832408783 93.1215 21.2882 7.8795 7.6958 7.65505866175 100.681 21.4318 8.117 7.6541 7.61473991688 101.6029 21.468 8.1019 7.6715 7.62900002715 78.9232 21.2155 8.8523 7.9202 7.88038478338 71.7219 21.0234 7.9954 7.9903 7.94703308883 73.6398 21.0696 8.2091 7.9651 7.92383264694 78.6971 21.218 8.1449 7.9735 7.92642617669 
n3998 5.573 14.8567 1.1297 8.3756 6.9456223999 5.8839 15.9331 2.7503 8.891 6.90743258122 5.8081 15.149 1.1941 8.5518 6.94998711543 6.6764 16.5207 2.771 9.2004 6.97656017098 5.3719 14.7536 1.2806 8.2922 7.15079004618 6.8162 16.1058 2.0756 8.8881 7.14980582338 4.846 14.6271 1.3405 8.3673 7.15368204643 6.3574 16.0151 2.2499 8.9078 7.18066399076 
n4026 3.5138 15.6238 2.4472 9.7611 6.32651182413 2.6532 15.8211 6.3776 10.0676 6.33105280261 3.4318 15.5155 2.3885 9.7165 6.3273242275 2.6251 15.6267 4.6867 10.0593 6.33678206303 6.4711 16.1518 2.1843 9.0211 7.44164110807 9.313 17.6876 4.9924 9.3372 7.43462733343 6.3451 16.0923 2.1229 9.0188 7.44490714466 7.8056 17.2143 4.3024 9.3257 7.45515040883 
n4151 7.6357 15.5015 1.3367 8.2558 -99.9999 7.0592 15.3002 1.705 8.1052 -99.9999 7.5983 15.4987 1.3532 8.2577 -99.9999 7.0171 15.3037 1.7475 8.1094 -99.9999 6.8256 15.262 1.7987 8.1135 -99.9999 6.867 15.2687 2.5 7.9401 -99.9999 6.7788 15.2579 1.8719 8.1043 7.060495 6.8901 15.2921 2.7669 7.9041 -99.9999 
n4261 52.5953 18.5797 4.7452 6.4968 6.44232612013 52.324 18.5723 4.9336 6.4802 6.43418209658 52.6275 18.581 4.6869 6.5033 6.44779550961 52.4117 18.5748 4.7352 6.5006 6.45098622212 47.197 18.5242 4.3991 6.7163 6.67718968596 46.4783 18.4936 4.4902 6.7083 6.67820440149 47.2938 18.5288 4.3472 6.7227 6.68257450282 46.6548 18.5006 4.3022 6.7296 6.695818234 
n4291 14.8182 17.1225 4.3028 7.8418 7.84180150185 15.6345 17.2412 4.1147 7.8675 7.86753651328 14.9523 17.1447 4.2439 7.8517 7.85172108692 16.0492 17.3024 3.9472 7.8936 7.89364757693 15.2193 17.4859 5.9353 7.9775 7.97746299964 16.1352 17.6131 5.4736 8.0207 8.02067475517 15.3559 17.5077 5.8621 7.9865 7.9864854364 16.8395 17.7099 5.0262 8.0697 8.0697171116 
n4342 1.1318 12.8973 0.0102 10.6329 8.16293440249 1.4852 14.0374 9.9925 9.3045 8.09592967058 1.8696 13.8543 2.2639 9.4015 8.14553960103 0.854 12.9265 1.316 10.4453 8.23069061185 0.9452 13.6717 1.6743 10.852 8.86129051399 0.0106 8.1444 0.9348 15.3499 8.97248113099 0.9337 13.3396 2.0786 10.438 8.8482045167 0.0134 10.4861 1.4036 16.9929 9.00275679896 
n4388 4.1448 15.602 0.7591 9.9464 6.1535413348 3.6482 15.3778 1.1029 9.8281 6.15005839765 4.5675 15.8946 0.6296 10.109 6.15444002816 4.7007 16.0609 0.6046 10.2299 6.16673739903 3.495 15.364 1.4792 9.7659 7.64769022127 5.9405 16.4231 1.9287 9.5411 7.3562573271 4.2295 15.8559 1.338 9.8925 7.65532839214 4.0359 16.1996 0.3218 10.9336 7.61345268201 
n4459 19.3611 16.7767 3.3763 7.0421 6.66823646562 14.0235 16.2417 2.3694 7.3902 6.7203375424 18.3861 16.6869 3.147 7.1011 6.6813863638 18.82 16.7376 2.7913 7.1632 6.71968949706 12.504 16.1583 2.5771 7.5127 6.96472505614 13.8819 16.351 2.4579 7.5027 6.98761765281 12.9815 16.2303 2.6051 7.4979 6.96597793449 11.2328 16.0305 1.9256 7.766 7.01417054976 
n4473 45.7195 17.9164 2.309 6.5118 6.2870718674 44.3986 17.8529 2.4894 6.4735 6.29108521199 45.9003 17.9256 2.2839 6.518 6.29008404766 44.9738 17.88 2.3802 6.4956 6.30350332688 36.7119 18.0885 2.9697 7.0311 6.81095077557 35.4899 18.0182 3.5551 6.9409 6.80256216652 36.9082 18.1001 2.8978 7.0438 6.81686739208 36.0297 18.0494 3.2857 6.9803 6.82715242318 
n4486a "" "" "" "" 8.71783062598 "" "" "" "" 8.36300168851 "" "" "" "" 8.7172804774 "" "" "" "" 8.36607547761 "" "" "" "" 8.94052217074 "" "" "" "" 8.6484162668 "" "" "" "" 8.93983378807 "" "" "" "" 8.65221679631 
n4564 5.7378 15.4084 2.6413 8.4417 7.07990029397 4.6178 15.5757 3.375 8.9538 7.16721727075 5.0092 15.2261 2.5848 8.5655 7.08378380395 3.7327 15.2615 3.3175 9.1106 7.17239773388 6.7042 15.7689 2.9396 8.4091 7.82240735391 21.5887 18.1664 5.7646 7.9143 7.65578581093 6.0165 15.6492 2.9804 8.5173 7.82989715659 18.3881 18.038 6.1004 8.1044 7.73685706831 
n4596 6.8373 15.9584 2.5936 8.6205 6.59500022923 4.0066 15.9324 3.0468 9.6719 6.60843097353 6.6067 15.9315 2.6735 8.6525 6.59545875692 4.4652 16.1493 3.8267 9.5349 6.61272512884 9.1744 16.429 2.9004 8.395 6.97591972514 3.4285 16.0251 3.4158 10.0436 6.9800904412 9.0108 16.4387 3.0077 8.425 6.9770704559 3.2503 15.9354 4.0407 9.9821 6.9832136194 
n4697 237.5059 20.6058 7.0917 5.0365 4.91086305729 472.6039 21.9665 7.8597 4.8483 4.69660321562 239.2866 20.6217 7.2211 5.0264 4.90519188534 449.7777 21.8723 7.8865 4.8597 4.71300606602 218.0595 20.8263 4.5082 5.6823 5.44209059755 219.6487 20.8358 7.0537 5.439 5.34200399904 226.3845 20.8986 6.6652 5.4663 5.34393334441 215.5777 20.7987 7.2207 5.4301 5.34404239118 
n4889 120.9667 21.0346 8.2162 6.8518 6.85180190854 121.4333 21.024 7.8522 6.8571 6.85708170676 119.6977 21.0119 8.0722 6.8615 6.8615284985 117.5643 20.9543 7.4825 6.8834 6.88338806974 62.1417 20.1586 6.9987 7.5077 7.50770312307 66.9873 20.2909 6.9011 7.4845 7.48447641886 60.8455 20.115 6.7831 7.5265 7.52654638787 60.8244 20.0934 6.1768 7.5554 7.55540651088 
n4945 13.8794 14.9452 1.4306 6.3688 2.70580720589 15.998 15.4077 1.375 6.5422 2.71131295709 13.8815 14.9484 1.4338 6.3705 2.70586788271 16.0499 15.4193 1.3779 6.5456 2.7114145395 9.4832 14.7717 1.7008 6.9369 4.11196787674 12.3266 15.6945 1.7519 7.2756 4.13375305947 9.4762 14.775 1.7078 6.9398 4.11217880834 12.4258 15.7228 1.7702 7.2813 4.13407007243 
n5077 23.3505 17.6586 4.2367 7.3986 7.39860385244 23.5233 17.6755 4.0921 7.4177 7.41769446089 23.4943 17.6728 4.1854 7.4058 7.40584759376 23.8014 17.7015 3.9521 7.4364 7.43635439522 22.7346 17.982 5.8739 7.6077 7.60767807859 23.5559 18.0608 5.8443 7.612 7.61203868309 22.9725 18.0053 5.738 7.6208 7.62075121654 23.8824 18.0869 5.2965 7.6603 7.66034163079 
n5128 61.2736 15.7318 1.172 4.0273 2.65964854737 60.3 15.7636 1.2246 4.0728 2.69078799749 61.3068 15.7322 1.1704 4.0272 2.65959113729 60.4861 15.7639 1.2153 4.0701 2.6899706318 60.7604 16.009 2.1978 4.012 2.93059903555 68.4068 16.0835 1.5273 4.0113 2.93082882853 60.7821 16.0097 2.1968 4.0121 2.93096561705 68.5877 16.0859 1.5219 4.0097 2.93024982012 
n5576 61.5367 19.4082 3.3471 7.1672 7.16715493744 61.7307 19.421 3.8426 7.1011 7.10113251194 61.5325 19.4083 3.348 7.1673 7.16729849124 61.1283 19.3995 3.7546 7.113 7.11301011894 49.3209 19.3416 3.7075 7.5278 7.52775981917 49.1238 19.3389 4.2857 7.4579 7.4578534661 49.3265 19.3419 3.6842 7.5311 7.53110676747 49.1528 19.3408 4.2954 7.4573 7.45728459901 
n5813 155.5392 20.6996 6.4695 6.0982 6.09819171648 164.086 20.7982 6.3474 6.0908 6.09079772723 149.9791 20.6312 6.3771 6.1165 6.11653675038 165.8214 20.8196 6.3565 6.0886 6.08862533373 86.1657 19.8462 5.7678 6.5882 6.58824671421 87.1033 19.8664 5.5083 6.6093 6.6092923511 83.6402 19.7881 5.6755 6.6033 6.60333155704 90.1226 19.9335 5.5485 6.5986 6.59863088462 
n5845 4.1596 14.9673 2.5544 8.7164 8.60996357283 5.4313 15.7914 3.28 8.832 8.66810720455 3.6373 14.7915 2.5291 8.837 8.62498606464 5.1532 15.8994 4.2188 8.9226 8.67718039625 4.339 15.6313 3.2963 9.1569 8.90607250046 4.1251 15.3298 2.7588 9.0573 9.05732563147 3.1445 14.6439 2.339 9.0455 8.90705726984 4.4752 15.5813 2.6193 9.1586 5.4960421022 
n5846 105.4323 19.6795 6.5031 5.9197 5.91971043517 95.7129 19.4626 5.6705 5.9855 5.98547324028 105.1384 19.673 6.4487 5.9237 5.92368546236 96.7196 19.4818 5.6344 5.9854 5.98539716178 83.5752 19.2878 5.7139 6.1012 6.10116486105 79.1098 19.165 5.1864 6.1488 6.14879100988 83.4206 19.2836 5.6734 6.1047 6.10471371747 78.3143 19.1418 5.053 6.1613 6.16126725234 
n6251 41.3193 19.7984 6.8455 8.0455 8.04545872912 48.3968 20.1498 8.869 7.9154 7.91543018134 41.7079 19.8199 6.813 8.0492 8.04917913346 50.1213 20.2274 8.5778 7.9349 7.93485404295 29.939 19.2947 5.6674 8.3416 8.34155199899 31.4086 19.4013 6.0636 8.3083 8.3082895096 30.1437 19.3099 5.5779 8.3504 8.3503570619 31.9244 19.435 5.7585 8.3339 8.33394394894 
n7052 59.6261 19.3832 4.2222 7.0893 7.08927382159 63.6939 19.5066 4.3262 7.0566 7.05656339081 59.4065 19.3756 4.1826 7.0946 7.09464709052 63.0323 19.4846 4.2297 7.0692 7.06915517419 37.1291 19.1967 5.6784 7.7751 7.77508444005 41.8634 19.4369 5.8266 7.7411 7.74113810486 36.9948 19.1891 5.5523 7.7873 7.78730400811 40.0524 19.3416 5.2732 7.7946 7.79461093821 
n7582 2.7676 13.1421 0.7946 8.3433 6.34072429544 1.9518 12.2175 1.2285 7.9747 6.39484524983 2.9619 13.4224 0.7154 8.5226 6.48909259967 2.2221 12.6875 1.0429 8.2408 6.50164120319 2.3894 12.8893 0.6429 8.5018 6.73603167963 2.4799 13.1617 0.6203 8.7085 6.71207357214 2.3183 12.81 0.6465 8.4857 6.73285301888 2.5438 13.2973 0.556 8.8342 6.72037267067 
n7619 62.708 19.5109 5.1053 7.0075 6.93523901536 65.5865 19.6059 5.1411 7.0014 6.93475160484 63.2018 19.5286 5.252 6.9933 6.92742654515 66.6632 19.6414 5.3373 6.9817 6.92555021054 57.7367 19.5402 5.0438 7.2226 7.1548146407 64.3723 19.7674 5.5281 7.1651 7.11733735961 57.986 19.5505 5.1878 7.2087 7.14805294948 65.6804 19.8108 5.7975 7.1396 7.10527989738 
n7768 95.7163 21.4287 8.7275 7.7221 7.72207270937 92.8787 21.3461 8.0596 7.7474 7.74735505508 92.8799 21.3662 8.4392 7.7429 7.74286496492 143.8253 22.1706 9.3078 7.5454 7.54535044952 44.6489 20.2627 7.1815 8.316 8.31596759651 59.9958 20.8107 7.6739 8.1871 8.18711265229 42.1119 20.1466 6.7437 8.3603 8.36031284878 57.3037 20.7137 7.0244 8.2369 8.23692312401 
ugc03789 2.2372 15.4004 1.1841 10.8788 8.7033232248 1.6595 15.3364 2.0171 11.2011 8.72956854499 1.7842 15.2581 1.8845 10.9996 8.6942567435 1.5294 15.2599 2.2962 11.236 8.74175107679 2.429 15.3636 1.3416 10.6033 9.21709707043 2.3279 15.7608 2.4802 10.7854 9.25685675332 2.3946 15.3922 1.3778 10.6498 9.222930318 2.1713 15.5848 2.3026 10.7986 9.27491736824 
