# galaxy re_sph_Rmaj_gaussian_combscale mue_sph_Rmaj_gaussian_combscale n_sph_Rmaj_gaussian_combscale b_sph_Rmaj_gaussian_combscale mtot_sph_Rmaj_gaussian_combscale h_disc_Rmaj_gaussian_combscale mu0_disc_Rmaj_gaussian_combscale mtot_disc_Rmaj_gaussian_combscale Delta_Rmaj_gaussian_combscale re_sph_Rmaj_gaussian_logscale mue_sph_Rmaj_gaussian_logscale n_sph_Rmaj_gaussian_logscale b_sph_Rmaj_gaussian_logscale mtot_sph_Rmaj_gaussian_logscale h_disc_Rmaj_gaussian_logscale mu0_disc_Rmaj_gaussian_logscale mtot_disc_Rmaj_gaussian_logscale Delta_Rmaj_gaussian_logscale re_sph_Rmaj_moffat_combscale mue_sph_Rmaj_moffat_combscale n_sph_Rmaj_moffat_combscale b_sph_Rmaj_moffat_combscale mtot_sph_Rmaj_moffat_combscale h_disc_Rmaj_moffat_combscale mu0_disc_Rmaj_moffat_combscale mtot_disc_Rmaj_moffat_combscale Delta_Rmaj_moffat_combscale re_sph_Rmaj_moffat_logscale mue_sph_Rmaj_moffat_logscale n_sph_Rmaj_moffat_logscale b_sph_Rmaj_moffat_logscale mtot_sph_Rmaj_moffat_logscale h_disc_Rmaj_moffat_logscale mu0_disc_Rmaj_moffat_logscale mtot_disc_Rmaj_moffat_logscale Delta_Rmaj_moffat_logscale re_sph_Req_gaussian_combscale mue_sph_Req_gaussian_combscale n_sph_Req_gaussian_combscale b_sph_Req_gaussian_combscale mtot_sph_Req_gaussian_combscale h_disc_Req_gaussian_combscale mu0_disc_Req_gaussian_combscale mtot_disc_Req_gaussian_combscale Delta_Req_gaussian_combscale re_sph_Req_gaussian_logscale mue_sph_Req_gaussian_logscale n_sph_Req_gaussian_logscale b_sph_Req_gaussian_logscale mtot_sph_Req_gaussian_logscale h_disc_Req_gaussian_logscale mu0_disc_Req_gaussian_logscale mtot_disc_Req_gaussian_logscale Delta_Req_gaussian_logscale re_sph_Req_moffat_combscale mue_sph_Req_moffat_combscale n_sph_Req_moffat_combscale b_sph_Req_moffat_combscale mtot_sph_Req_moffat_combscale h_disc_Req_moffat_combscale mu0_disc_Req_moffat_combscale mtot_disc_Req_moffat_combscale Delta_Req_moffat_combscale re_sph_Req_moffat_logscale mue_sph_Req_moffat_logscale n_sph_Req_moffat_logscale b_sph_Req_moffat_logscale mtot_sph_Req_moffat_logscale h_disc_Req_moffat_logscale mu0_disc_Req_moffat_logscale mtot_disc_Req_moffat_logscale Delta_Req_moffat_logscale















m105 -99  -99  -99  -99  -99  -99  -99  -99  -99  -99  -99  -99  -99  -99  -99  -99  -99  -99  -99  -99  -99  -99  -99  -99  -99  -99  -99  -99  -99  -99  -99  -99  -99  -99  -99  -99  -99  -99  -99  -99  -99  -99  -99  -99  -99  -99  -99  -99  -99  -99  -99  -99  -99  -99  -99  -99  -99  -99  -99  -99  -99  -99  -99  -99  -99  -99  -99  -99  -99  -99  -99  -99 















circinus -99  -99  -99  -99  -99  -99  -99  -99  -99  -99  -99  -99  -99  -99  -99  -99  -99  -99  -99  -99  -99  -99  -99  -99  -99  -99  -99  -99  -99  -99  -99  -99  -99  -99  -99  -99  -99  -99  -99  -99  -99  -99  -99  -99  -99  -99  -99  -99  -99  -99  -99  -99  -99  -99  -99  -99  -99  -99  -99  -99  -99  -99  -99  -99  -99  -99  -99  -99  -99  -99  -99  -99 















ic1459 -99  -99  -99  -99  -99  -99  -99  -99  -99  -99  -99  -99  -99  -99  -99  -99  -99  -99  -99  -99  -99  -99  -99  -99  -99  -99  -99  -99  -99  -99  -99  -99  -99  -99  -99  -99  -99  -99  -99  -99  -99  -99  -99  -99  -99  -99  -99  -99  -99  -99  -99  -99  -99  -99  -99  -99  -99  -99  -99  -99  -99  -99  -99  -99  -99  -99  -99  -99  -99  -99  -99  -99 















ic2560 -99  -99  -99  -99  -99  -99  -99  -99  -99  -99  -99  -99  -99  -99  -99  -99  -99  -99  -99  -99  -99  -99  -99  -99  -99  -99  -99  -99  -99  -99  -99  -99  -99  -99  -99  -99  -99  -99  -99  -99  -99  -99  -99  -99  -99  -99  -99  -99  -99  -99  -99  -99  -99  -99  -99  -99  -99  -99  -99  -99  -99  -99  -99  -99  -99  -99  -99  -99  -99  -99  -99  -99 















ic4296 -99  -99  -99  -99  -99  -99  -99  -99  -99  -99  -99  -99  -99  -99  -99  -99  -99  -99  -99  -99  -99  -99  -99  -99  -99  -99  -99  -99  -99  -99  -99  -99  -99  -99  -99  -99  -99  -99  -99  -99  -99  -99  -99  -99  -99  -99  -99  -99  -99  -99  -99  -99  -99  -99  -99  -99  -99  -99  -99  -99  -99  -99  -99  -99  -99  -99  -99  -99  -99  -99  -99  -99 















m104 -99  -99  -99  -99  -99  -99  -99  -99  -99  -99  -99  -99  -99  -99  -99  -99  -99  -99  -99  -99  -99  -99  -99  -99  -99  -99  -99  -99  -99  -99  -99  -99  -99  -99  -99  -99  -99  -99  -99  -99  -99  -99  -99  -99  -99  -99  -99  -99  -99  -99  -99  -99  -99  -99  -99  -99  -99  -99  -99  -99  -99  -99  -99  -99  -99  -99  -99  -99  -99  -99  -99  -99 















m106 -99  -99  -99  -99  -99  -99  -99  -99  -99  -99  -99  -99  -99  -99  -99  -99  -99  -99  -99  -99  -99  -99  -99  -99  -99  -99  -99  -99  -99  -99  -99  -99  -99  -99  -99  -99  -99  -99  -99  -99  -99  -99  -99  -99  -99  -99  -99  -99  -99  -99  -99  -99  -99  -99  -99  -99  -99  -99  -99  -99  -99  -99  -99  -99  -99  -99  -99  -99  -99  -99  -99  -99 















m31 -99  -99  -99  -99  -99  -99  -99  -99  -99  -99  -99  -99  -99  -99  -99  -99  -99  -99  -99  -99  -99  -99  -99  -99  -99  -99  -99  -99  -99  -99  -99  -99  -99  -99  -99  -99  -99  -99  -99  -99  -99  -99  -99  -99  -99  -99  -99  -99  -99  -99  -99  -99  -99  -99  -99  -99  -99  -99  -99  -99  -99  -99  -99  -99  -99  -99  -99  -99  -99  -99  -99  -99 















m32 -99  -99  -99  -99  -99  -99  -99  -99  -99  -99  -99  -99  -99  -99  -99  -99  -99  -99  -99  -99  -99  -99  -99  -99  -99  -99  -99  -99  -99  -99  -99  -99  -99  -99  -99  -99  -99  -99  -99  -99  -99  -99  -99  -99  -99  -99  -99  -99  -99  -99  -99  -99  -99  -99  -99  -99  -99  -99  -99  -99  -99  -99  -99  -99  -99  -99  -99  -99  -99  -99  -99  -99 















m49 -99  -99  -99  -99  -99  -99  -99  -99  -99  -99  -99  -99  -99  -99  -99  -99  -99  -99  -99  -99  -99  -99  -99  -99  -99  -99  -99  -99  -99  -99  -99  -99  -99  -99  -99  -99  -99  -99  -99  -99  -99  -99  -99  -99  -99  -99  -99  -99  -99  -99  -99  -99  -99  -99  -99  -99  -99  -99  -99  -99  -99  -99  -99  -99  -99  -99  -99  -99  -99  -99  -99  -99 















m59 -99  -99  -99  -99  -99  -99  -99  -99  -99  -99  -99  -99  -99  -99  -99  -99  -99  -99  -99  -99  -99  -99  -99  -99  -99  -99  -99  -99  -99  -99  -99  -99  -99  -99  -99  -99  -99  -99  -99  -99  -99  -99  -99  -99  -99  -99  -99  -99  -99  -99  -99  -99  -99  -99  -99  -99  -99  -99  -99  -99  -99  -99  -99  -99  -99  -99  -99  -99  -99  -99  -99  -99 















m60 -99  -99  -99  -99  -99  -99  -99  -99  -99  -99  -99  -99  -99  -99  -99  -99  -99  -99  -99  -99  -99  -99  -99  -99  -99  -99  -99  -99  -99  -99  -99  -99  -99  -99  -99  -99  -99  -99  -99  -99  -99  -99  -99  -99  -99  -99  -99  -99  -99  -99  -99  -99  -99  -99  -99  -99  -99  -99  -99  -99  -99  -99  -99  -99  -99  -99  -99  -99  -99  -99  -99  -99 















m64 -99  -99  -99  -99  -99  -99  -99  -99  -99  -99  -99  -99  -99  -99  -99  -99  -99  -99  -99  -99  -99  -99  -99  -99  -99  -99  -99  -99  -99  -99  -99  -99  -99  -99  -99  -99  -99  -99  -99  -99  -99  -99  -99  -99  -99  -99  -99  -99  -99  -99  -99  -99  -99  -99  -99  -99  -99  -99  -99  -99  -99  -99  -99  -99  -99  -99  -99  -99  -99  -99  -99  -99 















m77 -99  -99  -99  -99  -99  -99  -99  -99  -99  -99  -99  -99  -99  -99  -99  -99  -99  -99  -99  -99  -99  -99  -99  -99  -99  -99  -99  -99  -99  -99  -99  -99  -99  -99  -99  -99  -99  -99  -99  -99  -99  -99  -99  -99  -99  -99  -99  -99  -99  -99  -99  -99  -99  -99  -99  -99  -99  -99  -99  -99  -99  -99  -99  -99  -99  -99  -99  -99  -99  -99  -99  -99 















m81 -99  -99  -99  -99  -99  -99  -99  -99  -99  -99  -99  -99  -99  -99  -99  -99  -99  -99  -99  -99  -99  -99  -99  -99  -99  -99  -99  -99  -99  -99  -99  -99  -99  -99  -99  -99  -99  -99  -99  -99  -99  -99  -99  -99  -99  -99  -99  -99  -99  -99  -99  -99  -99  -99  -99  -99  -99  -99  -99  -99  -99  -99  -99  -99  -99  -99  -99  -99  -99  -99  -99  -99 















m84 -99  -99  -99  -99  -99  -99  -99  -99  -99  -99  -99  -99  -99  -99  -99  -99  -99  -99  -99  -99  -99  -99  -99  -99  -99  -99  -99  -99  -99  -99  -99  -99  -99  -99  -99  -99  -99  -99  -99  -99  -99  -99  -99  -99  -99  -99  -99  -99  -99  -99  -99  -99  -99  -99  -99  -99  -99  -99  -99  -99  -99  -99  -99  -99  -99  -99  -99  -99  -99  -99  -99  -99 















m87 -99  -99  -99  -99  -99  -99  -99  -99  -99  -99  -99  -99  -99  -99  -99  -99  -99  -99  -99  -99  -99  -99  -99  -99  -99  -99  -99  -99  -99  -99  -99  -99  -99  -99  -99  -99  -99  -99  -99  -99  -99  -99  -99  -99  -99  -99  -99  -99  -99  -99  -99  -99  -99  -99  -99  -99  -99  -99  -99  -99  -99  -99  -99  -99  -99  -99  -99  -99  -99  -99  -99  -99 















m89 -99  -99  -99  -99  -99  -99  -99  -99  -99  -99  -99  -99  -99  -99  -99  -99  -99  -99  -99  -99  -99  -99  -99  -99  -99  -99  -99  -99  -99  -99  -99  -99  -99  -99  -99  -99  -99  -99  -99  -99  -99  -99  -99  -99  -99  -99  -99  -99  -99  -99  -99  -99  -99  -99  -99  -99  -99  -99  -99  -99  -99  -99  -99  -99  -99  -99  -99  -99  -99  -99  -99  -99 















m94 -99  -99  -99  -99  -99  -99  -99  -99  -99  -99  -99  -99  -99  -99  -99  -99  -99  -99  -99  -99  -99  -99  -99  -99  -99  -99  -99  -99  -99  -99  -99  -99  -99  -99  -99  -99  -99  -99  -99  -99  -99  -99  -99  -99  -99  -99  -99  -99  -99  -99  -99  -99  -99  -99  -99  -99  -99  -99  -99  -99  -99  -99  -99  -99  -99  -99  -99  -99  -99  -99  -99  -99 















m96 -99  -99  -99  -99  -99  -99  -99  -99  -99  -99  -99  -99  -99  -99  -99  -99  -99  -99  -99  -99  -99  -99  -99  -99  -99  -99  -99  -99  -99  -99  -99  -99  -99  -99  -99  -99  -99  -99  -99  -99  -99  -99  -99  -99  -99  -99  -99  -99  -99  -99  -99  -99  -99  -99  -99  -99  -99  -99  -99  -99  -99  -99  -99  -99  -99  -99  -99  -99  -99  -99  -99  -99 















n0253 -99  -99  -99  -99  -99  -99  -99  -99  -99  -99  -99  -99  -99  -99  -99  -99  -99  -99  -99  -99  -99  -99  -99  -99  -99  -99  -99  -99  -99  -99  -99  -99  -99  -99  -99  -99  -99  -99  -99  -99  -99  -99  -99  -99  -99  -99  -99  -99  -99  -99  -99  -99  -99  -99  -99  -99  -99  -99  -99  -99  -99  -99  -99  -99  -99  -99  -99  -99  -99  -99  -99  -99 















n0524 -99  -99  -99  -99  -99  -99  -99  -99  -99  -99  -99  -99  -99  -99  -99  -99  -99  -99  -99  -99  -99  -99  -99  -99  -99  -99  -99  -99  -99  -99  -99  -99  -99  -99  -99  -99  -99  -99  -99  -99  -99  -99  -99  -99  -99  -99  -99  -99  -99  -99  -99  -99  -99  -99  -99  -99  -99  -99  -99  -99  -99  -99  -99  -99  -99  -99  -99  -99  -99  -99  -99  -99 















n0821 -99  -99  -99  -99  -99  -99  -99  -99  -99  -99  -99  -99  -99  -99  -99  -99  -99  -99  -99  -99  -99  -99  -99  -99  -99  -99  -99  -99  -99  -99  -99  -99  -99  -99  -99  -99  -99  -99  -99  -99  -99  -99  -99  -99  -99  -99  -99  -99  -99  -99  -99  -99  -99  -99  -99  -99  -99  -99  -99  -99  -99  -99  -99  -99  -99  -99  -99  -99  -99  -99  -99  -99 















n1023 -99  -99  -99  -99  -99  -99  -99  -99  -99  -99  -99  -99  -99  -99  -99  -99  -99  -99  -99  -99  -99  -99  -99  -99  -99  -99  -99  -99  -99  -99  -99  -99  -99  -99  -99  -99  -99  -99  -99  -99  -99  -99  -99  -99  -99  -99  -99  -99  -99  -99  -99  -99  -99  -99  -99  -99  -99  -99  -99  -99  -99  -99  -99  -99  -99  -99  -99  -99  -99  -99  -99  -99 















n1300 -99  -99  -99  -99  -99  -99  -99  -99  -99  -99  -99  -99  -99  -99  -99  -99  -99  -99  -99  -99  -99  -99  -99  -99  -99  -99  -99  -99  -99  -99  -99  -99  -99  -99  -99  -99  -99  -99  -99  -99  -99  -99  -99  -99  -99  -99  -99  -99  -99  -99  -99  -99  -99  -99  -99  -99  -99  -99  -99  -99  -99  -99  -99  -99  -99  -99  -99  -99  -99  -99  -99  -99 















n1316 -99  -99  -99  -99  -99  -99  -99  -99  -99  -99  -99  -99  -99  -99  -99  -99  -99  -99  -99  -99  -99  -99  -99  -99  -99  -99  -99  -99  -99  -99  -99  -99  -99  -99  -99  -99  -99  -99  -99  -99  -99  -99  -99  -99  -99  -99  -99  -99  -99  -99  -99  -99  -99  -99  -99  -99  -99  -99  -99  -99  -99  -99  -99  -99  -99  -99  -99  -99  -99  -99  -99  -99 















n1332 -99  -99  -99  -99  -99  -99  -99  -99  -99  -99  -99  -99  -99  -99  -99  -99  -99  -99  -99  -99  -99  -99  -99  -99  -99  -99  -99  -99  -99  -99  -99  -99  -99  -99  -99  -99  -99  -99  -99  -99  -99  -99  -99  -99  -99  -99  -99  -99  -99  -99  -99  -99  -99  -99  -99  -99  -99  -99  -99  -99  -99  -99  -99  -99  -99  -99  -99  -99  -99  -99  -99  -99 















n1374 -99  -99  -99  -99  -99  -99  -99  -99  -99  -99  -99  -99  -99  -99  -99  -99  -99  -99  -99  -99  -99  -99  -99  -99  -99  -99  -99  -99  -99  -99  -99  -99  -99  -99  -99  -99  -99  -99  -99  -99  -99  -99  -99  -99  -99  -99  -99  -99  -99  -99  -99  -99  -99  -99  -99  -99  -99  -99  -99  -99  -99  -99  -99  -99  -99  -99  -99  -99  -99  -99  -99  -99 















n1399 -99  -99  -99  -99  -99  -99  -99  -99  -99  -99  -99  -99  -99  -99  -99  -99  -99  -99  -99  -99  -99  -99  -99  -99  -99  -99  -99  -99  -99  -99  -99  -99  -99  -99  -99  -99  -99  -99  -99  -99  -99  -99  -99  -99  -99  -99  -99  -99  -99  -99  -99  -99  -99  -99  -99  -99  -99  -99  -99  -99  -99  -99  -99  -99  -99  -99  -99  -99  -99  -99  -99  -99 















n2273 -99  -99  -99  -99  -99  -99  -99  -99  -99  -99  -99  -99  -99  -99  -99  -99  -99  -99  -99  -99  -99  -99  -99  -99  -99  -99  -99  -99  -99  -99  -99  -99  -99  -99  -99  -99  -99  -99  -99  -99  -99  -99  -99  -99  -99  -99  -99  -99  -99  -99  -99  -99  -99  -99  -99  -99  -99  -99  -99  -99  -99  -99  -99  -99  -99  -99  -99  -99  -99  -99  -99  -99 















n2549 -99  -99  -99  -99  -99  -99  -99  -99  -99  -99  -99  -99  -99  -99  -99  -99  -99  -99  -99  -99  -99  -99  -99  -99  -99  -99  -99  -99  -99  -99  -99  -99  -99  -99  -99  -99  -99  -99  -99  -99  -99  -99  -99  -99  -99  -99  -99  -99  -99  -99  -99  -99  -99  -99  -99  -99  -99  -99  -99  -99  -99  -99  -99  -99  -99  -99  -99  -99  -99  -99  -99  -99 















n2778 -99  -99  -99  -99  -99  -99  -99  -99  -99  -99  -99  -99  -99  -99  -99  -99  -99  -99  -99  -99  -99  -99  -99  -99  -99  -99  -99  -99  -99  -99  -99  -99  -99  -99  -99  -99  -99  -99  -99  -99  -99  -99  -99  -99  -99  -99  -99  -99  -99  -99  -99  -99  -99  -99  -99  -99  -99  -99  -99  -99  -99  -99  -99  -99  -99  -99  -99  -99  -99  -99  -99  -99 















n2787 -99  -99  -99  -99  -99  -99  -99  -99  -99  -99  -99  -99  -99  -99  -99  -99  -99  -99  -99  -99  -99  -99  -99  -99  -99  -99  -99  -99  -99  -99  -99  -99  -99  -99  -99  -99  -99  -99  -99  -99  -99  -99  -99  -99  -99  -99  -99  -99  -99  -99  -99  -99  -99  -99  -99  -99  -99  -99  -99  -99  -99  -99  -99  -99  -99  -99  -99  -99  -99  -99  -99  -99 















n2974 -99  -99  -99  -99  -99  -99  -99  -99  -99  -99  -99  -99  -99  -99  -99  -99  -99  -99  -99  -99  -99  -99  -99  -99  -99  -99  -99  -99  -99  -99  -99  -99  -99  -99  -99  -99  -99  -99  -99  -99  -99  -99  -99  -99  -99  -99  -99  -99  -99  -99  -99  -99  -99  -99  -99  -99  -99  -99  -99  -99  -99  -99  -99  -99  -99  -99  -99  -99  -99  -99  -99  -99 















n3079 -99  -99  -99  -99  -99  -99  -99  -99  -99  -99  -99  -99  -99  -99  -99  -99  -99  -99  -99  -99  -99  -99  -99  -99  -99  -99  -99  -99  -99  -99  -99  -99  -99  -99  -99  -99  -99  -99  -99  -99  -99  -99  -99  -99  -99  -99  -99  -99  -99  -99  -99  -99  -99  -99  -99  -99  -99  -99  -99  -99  -99  -99  -99  -99  -99  -99  -99  -99  -99  -99  -99  -99 















n3091 -99  -99  -99  -99  -99  -99  -99  -99  -99  -99  -99  -99  -99  -99  -99  -99  -99  -99  -99  -99  -99  -99  -99  -99  -99  -99  -99  -99  -99  -99  -99  -99  -99  -99  -99  -99  -99  -99  -99  -99  -99  -99  -99  -99  -99  -99  -99  -99  -99  -99  -99  -99  -99  -99  -99  -99  -99  -99  -99  -99  -99  -99  -99  -99  -99  -99  -99  -99  -99  -99  -99  -99 















n3115 -99  -99  -99  -99  -99  -99  -99  -99  -99  -99  -99  -99  -99  -99  -99  -99  -99  -99  -99  -99  -99  -99  -99  -99  -99  -99  -99  -99  -99  -99  -99  -99  -99  -99  -99  -99  -99  -99  -99  -99  -99  -99  -99  -99  -99  -99  -99  -99  -99  -99  -99  -99  -99  -99  -99  -99  -99  -99  -99  -99  -99  -99  -99  -99  -99  -99  -99  -99  -99  -99  -99  -99 















n3227 -99  -99  -99  -99  -99  -99  -99  -99  -99  -99  -99  -99  -99  -99  -99  -99  -99  -99  -99  -99  -99  -99  -99  -99  -99  -99  -99  -99  -99  -99  -99  -99  -99  -99  -99  -99  -99  -99  -99  -99  -99  -99  -99  -99  -99  -99  -99  -99  -99  -99  -99  -99  -99  -99  -99  -99  -99  -99  -99  -99  -99  -99  -99  -99  -99  -99  -99  -99  -99  -99  -99  -99 















n3245 -99  -99  -99  -99  -99  -99  -99  -99  -99  -99  -99  -99  -99  -99  -99  -99  -99  -99  -99  -99  -99  -99  -99  -99  -99  -99  -99  -99  -99  -99  -99  -99  -99  -99  -99  -99  -99  -99  -99  -99  -99  -99  -99  -99  -99  -99  -99  -99  -99  -99  -99  -99  -99  -99  -99  -99  -99  -99  -99  -99  -99  -99  -99  -99  -99  -99  -99  -99  -99  -99  -99  -99 















n3377 -99  -99  -99  -99  -99  -99  -99  -99  -99  -99  -99  -99  -99  -99  -99  -99  -99  -99  -99  -99  -99  -99  -99  -99  -99  -99  -99  -99  -99  -99  -99  -99  -99  -99  -99  -99  -99  -99  -99  -99  -99  -99  -99  -99  -99  -99  -99  -99  -99  -99  -99  -99  -99  -99  -99  -99  -99  -99  -99  -99  -99  -99  -99  -99  -99  -99  -99  -99  -99  -99  -99  -99 















n3384 -99  -99  -99  -99  -99  -99  -99  -99  -99  -99  -99  -99  -99  -99  -99  -99  -99  -99  -99  -99  -99  -99  -99  -99  -99  -99  -99  -99  -99  -99  -99  -99  -99  -99  -99  -99  -99  -99  -99  -99  -99  -99  -99  -99  -99  -99  -99  -99  -99  -99  -99  -99  -99  -99  -99  -99  -99  -99  -99  -99  -99  -99  -99  -99  -99  -99  -99  -99  -99  -99  -99  -99 















n3393 -99  -99  -99  -99  -99  -99  -99  -99  -99  -99  -99  -99  -99  -99  -99  -99  -99  -99  -99  -99  -99  -99  -99  -99  -99  -99  -99  -99  -99  -99  -99  -99  -99  -99  -99  -99  -99  -99  -99  -99  -99  -99  -99  -99  -99  -99  -99  -99  -99  -99  -99  -99  -99  -99  -99  -99  -99  -99  -99  -99  -99  -99  -99  -99  -99  -99  -99  -99  -99  -99  -99  -99 















n3414 -99  -99  -99  -99  -99  -99  -99  -99  -99  -99  -99  -99  -99  -99  -99  -99  -99  -99  -99  -99  -99  -99  -99  -99  -99  -99  -99  -99  -99  -99  -99  -99  -99  -99  -99  -99  -99  -99  -99  -99  -99  -99  -99  -99  -99  -99  -99  -99  -99  -99  -99  -99  -99  -99  -99  -99  -99  -99  -99  -99  -99  -99  -99  -99  -99  -99  -99  -99  -99  -99  -99  -99 















n3489 -99  -99  -99  -99  -99  -99  -99  -99  -99  -99  -99  -99  -99  -99  -99  -99  -99  -99  -99  -99  -99  -99  -99  -99  -99  -99  -99  -99  -99  -99  -99  -99  -99  -99  -99  -99  -99  -99  -99  -99  -99  -99  -99  -99  -99  -99  -99  -99  -99  -99  -99  -99  -99  -99  -99  -99  -99  -99  -99  -99  -99  -99  -99  -99  -99  -99  -99  -99  -99  -99  -99  -99 















n3585 -99  -99  -99  -99  -99  -99  -99  -99  -99  -99  -99  -99  -99  -99  -99  -99  -99  -99  -99  -99  -99  -99  -99  -99  -99  -99  -99  -99  -99  -99  -99  -99  -99  -99  -99  -99  -99  -99  -99  -99  -99  -99  -99  -99  -99  -99  -99  -99  -99  -99  -99  -99  -99  -99  -99  -99  -99  -99  -99  -99  -99  -99  -99  -99  -99  -99  -99  -99  -99  -99  -99  -99 















n3607 -99  -99  -99  -99  -99  -99  -99  -99  -99  -99  -99  -99  -99  -99  -99  -99  -99  -99  -99  -99  -99  -99  -99  -99  -99  -99  -99  -99  -99  -99  -99  -99  -99  -99  -99  -99  -99  -99  -99  -99  -99  -99  -99  -99  -99  -99  -99  -99  -99  -99  -99  -99  -99  -99  -99  -99  -99  -99  -99  -99  -99  -99  -99  -99  -99  -99  -99  -99  -99  -99  -99  -99 















n3608 -99  -99  -99  -99  -99  -99  -99  -99  -99  -99  -99  -99  -99  -99  -99  -99  -99  -99  -99  -99  -99  -99  -99  -99  -99  -99  -99  -99  -99  -99  -99  -99  -99  -99  -99  -99  -99  -99  -99  -99  -99  -99  -99  -99  -99  -99  -99  -99  -99  -99  -99  -99  -99  -99  -99  -99  -99  -99  -99  -99  -99  -99  -99  -99  -99  -99  -99  -99  -99  -99  -99  -99 















n3842exp -99  -99  -99  -99  -99  -99  -99  -99  -99  -99  -99  -99  -99  -99  -99  -99  -99  -99  -99  -99  -99  -99  -99  -99  -99  -99  -99  -99  -99  -99  -99  -99  -99  -99  -99  -99  -99  -99  -99  -99  -99  -99  -99  -99  -99  -99  -99  -99  -99  -99  -99  -99  -99  -99  -99  -99  -99  -99  -99  -99  -99  -99  -99  -99  -99  -99  -99  -99  -99  -99  -99  -99 















n3998 -99  -99  -99  -99  -99  -99  -99  -99  -99  -99  -99  -99  -99  -99  -99  -99  -99  -99  -99  -99  -99  -99  -99  -99  -99  -99  -99  -99  -99  -99  -99  -99  -99  -99  -99  -99  -99  -99  -99  -99  -99  -99  -99  -99  -99  -99  -99  -99  -99  -99  -99  -99  -99  -99  -99  -99  -99  -99  -99  -99  -99  -99  -99  -99  -99  -99  -99  -99  -99  -99  -99  -99 















n4026 -99  -99  -99  -99  -99  -99  -99  -99  -99  -99  -99  -99  -99  -99  -99  -99  -99  -99  -99  -99  -99  -99  -99  -99  -99  -99  -99  -99  -99  -99  -99  -99  -99  -99  -99  -99  -99  -99  -99  -99  -99  -99  -99  -99  -99  -99  -99  -99  -99  -99  -99  -99  -99  -99  -99  -99  -99  -99  -99  -99  -99  -99  -99  -99  -99  -99  -99  -99  -99  -99  -99  -99 















n4151 -99  -99  -99  -99  -99  -99  -99  -99  -99  -99  -99  -99  -99  -99  -99  -99  -99  -99  -99  -99  -99  -99  -99  -99  -99  -99  -99  -99  -99  -99  -99  -99  -99  -99  -99  -99  -99  -99  -99  -99  -99  -99  -99  -99  -99  -99  -99  -99  -99  -99  -99  -99  -99  -99  -99  -99  -99  -99  -99  -99  -99  -99  -99  -99  -99  -99  -99  -99  -99  -99  -99  -99 















n4261 -99  -99  -99  -99  -99  -99  -99  -99  -99  -99  -99  -99  -99  -99  -99  -99  -99  -99  -99  -99  -99  -99  -99  -99  -99  -99  -99  -99  -99  -99  -99  -99  -99  -99  -99  -99  -99  -99  -99  -99  -99  -99  -99  -99  -99  -99  -99  -99  -99  -99  -99  -99  -99  -99  -99  -99  -99  -99  -99  -99  -99  -99  -99  -99  -99  -99  -99  -99  -99  -99  -99  -99 















n4291 -99  -99  -99  -99  -99  -99  -99  -99  -99  -99  -99  -99  -99  -99  -99  -99  -99  -99  -99  -99  -99  -99  -99  -99  -99  -99  -99  -99  -99  -99  -99  -99  -99  -99  -99  -99  -99  -99  -99  -99  -99  -99  -99  -99  -99  -99  -99  -99  -99  -99  -99  -99  -99  -99  -99  -99  -99  -99  -99  -99  -99  -99  -99  -99  -99  -99  -99  -99  -99  -99  -99  -99 















n4342 -99  -99  -99  -99  -99  -99  -99  -99  -99  -99  -99  -99  -99  -99  -99  -99  -99  -99  -99  -99  -99  -99  -99  -99  -99  -99  -99  -99  -99  -99  -99  -99  -99  -99  -99  -99  -99  -99  -99  -99  -99  -99  -99  -99  -99  -99  -99  -99  -99  -99  -99  -99  -99  -99  -99  -99  -99  -99  -99  -99  -99  -99  -99  -99  -99  -99  -99  -99  -99  -99  -99  -99 















n4388 -99  -99  -99  -99  -99  -99  -99  -99  -99  -99  -99  -99  -99  -99  -99  -99  -99  -99  -99  -99  -99  -99  -99  -99  -99  -99  -99  -99  -99  -99  -99  -99  -99  -99  -99  -99  -99  -99  -99  -99  -99  -99  -99  -99  -99  -99  -99  -99  -99  -99  -99  -99  -99  -99  -99  -99  -99  -99  -99  -99  -99  -99  -99  -99  -99  -99  -99  -99  -99  -99  -99  -99 















n4459 -99  -99  -99  -99  -99  -99  -99  -99  -99  -99  -99  -99  -99  -99  -99  -99  -99  -99  -99  -99  -99  -99  -99  -99  -99  -99  -99  -99  -99  -99  -99  -99  -99  -99  -99  -99  -99  -99  -99  -99  -99  -99  -99  -99  -99  -99  -99  -99  -99  -99  -99  -99  -99  -99  -99  -99  -99  -99  -99  -99  -99  -99  -99  -99  -99  -99  -99  -99  -99  -99  -99  -99 















n4473 -99  -99  -99  -99  -99  -99  -99  -99  -99  -99  -99  -99  -99  -99  -99  -99  -99  -99  -99  -99  -99  -99  -99  -99  -99  -99  -99  -99  -99  -99  -99  -99  -99  -99  -99  -99  -99  -99  -99  -99  -99  -99  -99  -99  -99  -99  -99  -99  -99  -99  -99  -99  -99  -99  -99  -99  -99  -99  -99  -99  -99  -99  -99  -99  -99  -99  -99  -99  -99  -99  -99  -99 















n4486a -99  -99  -99  -99  -99  -99  -99  -99  -99  -99  -99  -99  -99  -99  -99  -99  -99  -99  -99  -99  -99  -99  -99  -99  -99  -99  -99  -99  -99  -99  -99  -99  -99  -99  -99  -99  -99  -99  -99  -99  -99  -99  -99  -99  -99  -99  -99  -99  -99  -99  -99  -99  -99  -99  -99  -99  -99  -99  -99  -99  -99  -99  -99  -99  -99  -99  -99  -99  -99  -99  -99  -99 















n4564 -99  -99  -99  -99  -99  -99  -99  -99  -99  -99  -99  -99  -99  -99  -99  -99  -99  -99  -99  -99  -99  -99  -99  -99  -99  -99  -99  -99  -99  -99  -99  -99  -99  -99  -99  -99  -99  -99  -99  -99  -99  -99  -99  -99  -99  -99  -99  -99  -99  -99  -99  -99  -99  -99  -99  -99  -99  -99  -99  -99  -99  -99  -99  -99  -99  -99  -99  -99  -99  -99  -99  -99 















n4596 -99  -99  -99  -99  -99  -99  -99  -99  -99  -99  -99  -99  -99  -99  -99  -99  -99  -99  -99  -99  -99  -99  -99  -99  -99  -99  -99  -99  -99  -99  -99  -99  -99  -99  -99  -99  -99  -99  -99  -99  -99  -99  -99  -99  -99  -99  -99  -99  -99  -99  -99  -99  -99  -99  -99  -99  -99  -99  -99  -99  -99  -99  -99  -99  -99  -99  -99  -99  -99  -99  -99  -99 















n4697 -99  -99  -99  -99  -99  -99  -99  -99  -99  -99  -99  -99  -99  -99  -99  -99  -99  -99  -99  -99  -99  -99  -99  -99  -99  -99  -99  -99  -99  -99  -99  -99  -99  -99  -99  -99  -99  -99  -99  -99  -99  -99  -99  -99  -99  -99  -99  -99  -99  -99  -99  -99  -99  -99  -99  -99  -99  -99  -99  -99  -99  -99  -99  -99  -99  -99  -99  -99  -99  -99  -99  -99 















n4889 -99  -99  -99  -99  -99  -99  -99  -99  -99  -99  -99  -99  -99  -99  -99  -99  -99  -99  -99  -99  -99  -99  -99  -99  -99  -99  -99  -99  -99  -99  -99  -99  -99  -99  -99  -99  -99  -99  -99  -99  -99  -99  -99  -99  -99  -99  -99  -99  -99  -99  -99  -99  -99  -99  -99  -99  -99  -99  -99  -99  -99  -99  -99  -99  -99  -99  -99  -99  -99  -99  -99  -99 















n4945 -99  -99  -99  -99  -99  -99  -99  -99  -99  -99  -99  -99  -99  -99  -99  -99  -99  -99  -99  -99  -99  -99  -99  -99  -99  -99  -99  -99  -99  -99  -99  -99  -99  -99  -99  -99  -99  -99  -99  -99  -99  -99  -99  -99  -99  -99  -99  -99  -99  -99  -99  -99  -99  -99  -99  -99  -99  -99  -99  -99  -99  -99  -99  -99  -99  -99  -99  -99  -99  -99  -99  -99 















n5077 -99  -99  -99  -99  -99  -99  -99  -99  -99  -99  -99  -99  -99  -99  -99  -99  -99  -99  -99  -99  -99  -99  -99  -99  -99  -99  -99  -99  -99  -99  -99  -99  -99  -99  -99  -99  -99  -99  -99  -99  -99  -99  -99  -99  -99  -99  -99  -99  -99  -99  -99  -99  -99  -99  -99  -99  -99  -99  -99  -99  -99  -99  -99  -99  -99  -99  -99  -99  -99  -99  -99  -99 















n5128 -99  -99  -99  -99  -99  -99  -99  -99  -99  -99  -99  -99  -99  -99  -99  -99  -99  -99  -99  -99  -99  -99  -99  -99  -99  -99  -99  -99  -99  -99  -99  -99  -99  -99  -99  -99  -99  -99  -99  -99  -99  -99  -99  -99  -99  -99  -99  -99  -99  -99  -99  -99  -99  -99  -99  -99  -99  -99  -99  -99  -99  -99  -99  -99  -99  -99  -99  -99  -99  -99  -99  -99 















n5576 -99  -99  -99  -99  -99  -99  -99  -99  -99  -99  -99  -99  -99  -99  -99  -99  -99  -99  -99  -99  -99  -99  -99  -99  -99  -99  -99  -99  -99  -99  -99  -99  -99  -99  -99  -99  -99  -99  -99  -99  -99  -99  -99  -99  -99  -99  -99  -99  -99  -99  -99  -99  -99  -99  -99  -99  -99  -99  -99  -99  -99  -99  -99  -99  -99  -99  -99  -99  -99  -99  -99  -99 















n5813 -99  -99  -99  -99  -99  -99  -99  -99  -99  -99  -99  -99  -99  -99  -99  -99  -99  -99  -99  -99  -99  -99  -99  -99  -99  -99  -99  -99  -99  -99  -99  -99  -99  -99  -99  -99  -99  -99  -99  -99  -99  -99  -99  -99  -99  -99  -99  -99  -99  -99  -99  -99  -99  -99  -99  -99  -99  -99  -99  -99  -99  -99  -99  -99  -99  -99  -99  -99  -99  -99  -99  -99 















n5845 -99  -99  -99  -99  -99  -99  -99  -99  -99  -99  -99  -99  -99  -99  -99  -99  -99  -99  -99  -99  -99  -99  -99  -99  -99  -99  -99  -99  -99  -99  -99  -99  -99  -99  -99  -99  -99  -99  -99  -99  -99  -99  -99  -99  -99  -99  -99  -99  -99  -99  -99  -99  -99  -99  -99  -99  -99  -99  -99  -99  -99  -99  -99  -99  -99  -99  -99  -99  -99  -99  -99  -99 















n5846 -99  -99  -99  -99  -99  -99  -99  -99  -99  -99  -99  -99  -99  -99  -99  -99  -99  -99  -99  -99  -99  -99  -99  -99  -99  -99  -99  -99  -99  -99  -99  -99  -99  -99  -99  -99  -99  -99  -99  -99  -99  -99  -99  -99  -99  -99  -99  -99  -99  -99  -99  -99  -99  -99  -99  -99  -99  -99  -99  -99  -99  -99  -99  -99  -99  -99  -99  -99  -99  -99  -99  -99 















n6251 -99  -99  -99  -99  -99  -99  -99  -99  -99  -99  -99  -99  -99  -99  -99  -99  -99  -99  -99  -99  -99  -99  -99  -99  -99  -99  -99  -99  -99  -99  -99  -99  -99  -99  -99  -99  -99  -99  -99  -99  -99  -99  -99  -99  -99  -99  -99  -99  -99  -99  -99  -99  -99  -99  -99  -99  -99  -99  -99  -99  -99  -99  -99  -99  -99  -99  -99  -99  -99  -99  -99  -99 















n7052 -99  -99  -99  -99  -99  -99  -99  -99  -99  -99  -99  -99  -99  -99  -99  -99  -99  -99  -99  -99  -99  -99  -99  -99  -99  -99  -99  -99  -99  -99  -99  -99  -99  -99  -99  -99  -99  -99  -99  -99  -99  -99  -99  -99  -99  -99  -99  -99  -99  -99  -99  -99  -99  -99  -99  -99  -99  -99  -99  -99  -99  -99  -99  -99  -99  -99  -99  -99  -99  -99  -99  -99 















n7582 -99  -99  -99  -99  -99  -99  -99  -99  -99  -99  -99  -99  -99  -99  -99  -99  -99  -99  -99  -99  -99  -99  -99  -99  -99  -99  -99  -99  -99  -99  -99  -99  -99  -99  -99  -99  -99  -99  -99  -99  -99  -99  -99  -99  -99  -99  -99  -99  -99  -99  -99  -99  -99  -99  -99  -99  -99  -99  -99  -99  -99  -99  -99  -99  -99  -99  -99  -99  -99  -99  -99  -99 















n7619 -99  -99  -99  -99  -99  -99  -99  -99  -99  -99  -99  -99  -99  -99  -99  -99  -99  -99  -99  -99  -99  -99  -99  -99  -99  -99  -99  -99  -99  -99  -99  -99  -99  -99  -99  -99  -99  -99  -99  -99  -99  -99  -99  -99  -99  -99  -99  -99  -99  -99  -99  -99  -99  -99  -99  -99  -99  -99  -99  -99  -99  -99  -99  -99  -99  -99  -99  -99  -99  -99  -99  -99 















n7768 -99  -99  -99  -99  -99  -99  -99  -99  -99  -99  -99  -99  -99  -99  -99  -99  -99  -99  -99  -99  -99  -99  -99  -99  -99  -99  -99  -99  -99  -99  -99  -99  -99  -99  -99  -99  -99  -99  -99  -99  -99  -99  -99  -99  -99  -99  -99  -99  -99  -99  -99  -99  -99  -99  -99  -99  -99  -99  -99  -99  -99  -99  -99  -99  -99  -99  -99  -99  -99  -99  -99  -99 















ugc03789 -99  -99  -99  -99  -99  -99  -99  -99  -99  -99  -99  -99  -99  -99  -99  -99  -99  -99  -99  -99  -99  -99  -99  -99  -99  -99  -99  -99  -99  -99  -99  -99  -99  -99  -99  -99  -99  -99  -99  -99  -99  -99  -99  -99  -99  -99  -99  -99  -99  -99  -99  -99  -99  -99  -99  -99  -99  -99  -99  -99  -99  -99  -99  -99  -99  -99  -99  -99  -99  -99  -99  -99 















